                       0                       179.99999
                   0.025                       172.98023
             0.050000001                       166.31428
             0.075000003                       160.15231
                     0.1                       154.53057
                   0.125                       149.68951
              0.15000001                       145.37613
                   0.175                       141.71096
                     0.2                       138.68809
              0.22499999                       136.05783
                    0.25                       133.84867
              0.27500001                        131.9802
              0.30000001                       130.38543
              0.32499999                       129.11816
              0.34999999                       128.07207
                   0.375                       127.23032
              0.40000001                       126.60839
              0.42500001                       126.26459
              0.44999999                       126.00444
              0.47499999                       125.81363
                     0.5                       125.69643
              0.52499998                       125.71454
              0.55000001                       125.74844
              0.57499999                       125.84565
              0.60000002                         125.984
                   0.625                       126.17569
              0.64999998                       126.43832
              0.67500001                       126.65121
              0.69999999                       126.98173
              0.72500002                       127.30524
                    0.75                       127.64044
              0.77499998                       128.00673
              0.80000001                       128.42301
              0.82499999                       128.82285
              0.85000002                       129.25771
                   0.875                       129.73553
              0.89999998                       130.23222
              0.92500001                       130.71916
              0.94999999                       131.24433
              0.97500002                       131.79248
                       1                       132.34656
                   1.025                       132.92368
                    1.05                       133.54459
                   1.075                       134.15598
                     1.1                       134.78555
                   1.125                       135.43318
                    1.15                       136.05262
                   1.175                       136.67615
                     1.2                       137.32123
                   1.225                       137.94849
                    1.25                       138.57208
                   1.275                       139.21344
                     1.3                       139.87766
                   1.325                       140.54615
                    1.35                       141.19623
                   1.375                       141.86951
                     1.4                       142.52923
                   1.425                       143.22247
                    1.45                       143.90567
                   1.475                       144.60111
                     1.5                       145.31736
                   1.525                       146.04166
                    1.55                       146.77042
                   1.575                       147.52014
                     1.6                        148.2378
                   1.625                       148.97901
                    1.65                        149.7052
                   1.675                       150.43549
                     1.7                       151.17053
                   1.725                        151.8967
                    1.75                       152.61294
                   1.775                       153.32505
                     1.8                       154.04655
                   1.825                       154.78452
                    1.85                       155.52116
                   1.875                       156.26554
                     1.9                       157.02862
                   1.925                       157.79135
                    1.95                       158.53934
                   1.975                       159.31363
                       2                       160.07266
               2.0250001                       160.84164
                    2.05                       161.61084
                   2.075                       162.37445
               2.0999999                        163.1253
                   2.125                       163.87912
               2.1500001                       164.62326
                   2.175                       165.35116
                     2.2                       166.06881
               2.2249999                       166.77042
                    2.25                       167.44398
               2.2750001                       168.07351
                     2.3                       168.62539
                   2.325                        169.0206
               2.3499999                       169.10379
                   2.375                       168.42026
               2.4000001                       164.90152
                   2.425                       112.75445
                    2.45                       7.1087139
               2.4749999                       2.2066874
                     2.5                      -54.505764
               2.5250001                       139.01488
                    2.55                       54.304739
                   2.575                      -14.316097
               2.5999999                       -71.98803
                   2.625                      -121.98463
               2.6500001                      -169.27342
                   2.675                       146.20976
                     2.7                       105.85219
               2.7249999                       68.431062
                    2.75                       31.938507
               2.7750001                      -4.1093722
                     2.8                      -38.661278
                   2.825                      -71.020856
               2.8499999                      -101.76785
                   2.875                      -132.01379
               2.9000001                      -162.36901
                   2.925                       167.50133
                    2.95                       138.40287
               2.9749999                       110.72181
                       3                       84.104177
               3.0250001                       57.833303
                    3.05                       31.367249
                   3.075                       4.6901692
               3.0999999                      -21.696655
                   3.125                      -47.232056
               3.1500001                      -71.757024
                   3.175                       -95.58127
                     3.2                      -119.22728
               3.2249999                      -143.12277
                    3.25                      -167.34372
               3.2750001                       168.43042
                     3.3                       144.68956
                   3.325                       121.73881
               3.3499999                       99.520915
                   3.375                        77.68999
               3.4000001                       55.822129
                   3.425                       33.623798
                    3.45                       11.086248
               3.4749999                      -11.492936
                     3.5                      -33.693346
               3.5250001                      -55.241774
                    3.55                      -76.153081
                   3.575                      -96.686268
               3.5999999                      -117.20656
                   3.625                       -138.0147
               3.6500001                      -159.21518
                   3.675                       179.35705
                     3.7                       158.05451
               3.7249999                       137.22057
                    3.75                       116.99753
               3.7750001                       97.274565
                     3.8                       77.771698
                   3.825                       58.161075
               3.8499999                       38.204467
                   3.875                       17.850066
               3.9000001                      -2.7141586
                   3.925                      -23.150958
                    3.95                      -43.151501
               3.9749999                       -62.59033
                       4                      -81.567545
               4.0250001                      -100.33844
               4.0500002                      -119.20593
               4.0749998                      -138.41308
               4.0999999                      -158.04009
                   4.125                      -177.94796
               4.1500001                       162.16712
               4.1750002                       142.62622
               4.1999998                       123.60857
               4.2249999                       105.08466
                    4.25                       86.852096
               4.2750001                       68.619753
               4.3000002                       50.118574
               4.3249998                        31.19272
               4.3499999                       11.876508
                   4.375                      -7.5986012
               4.4000001                      -26.904322
               4.4250002                      -45.772472
               4.4499998                       -64.11716
               4.4749999                        -82.0481
                     4.5                       -99.80987
               4.5250001                      -117.69076
               4.5500002                      -135.92835
               4.5749998                       -154.6223
               4.5999999                      -173.67383
                   4.625                       167.19312
               4.6500001                       148.30748
               4.6750002                       129.89875
               4.6999998                       112.00628
               4.7249999                       94.482746
                    4.75                       77.065872
               4.7750001                        59.46781
               4.8000002                        41.46452
               4.8249998                       22.982141
               4.8499999                       4.1463368
                   4.875                      -14.748261
               4.9000001                      -33.367246
               4.9250002                      -51.488995
               4.9499998                      -69.092305
               4.9749999                       -86.33695
                       5                      -103.49329
               5.0250001                      -120.85356
               5.0500002                      -138.64636
               5.0749998                      -156.94734
               5.0999999                      -175.62752
                   5.125                       165.61776
               5.1500001                       147.13844
               5.1750002                       129.17034
               5.1999998                       111.74167
               5.2249999                       94.695265
                    5.25                       77.754427
               5.2750001                       60.612731
               5.3000002                       43.024719
               5.3249998                       24.890514
               5.3499999                       6.3220146
                   5.375                      -12.374562
               5.4000001                      -30.822629
               5.4250002                      -48.755755
               5.4499998                       -66.11296
               5.4749999                      -83.042213
                     5.5                       -99.82131
               5.5250001                      -116.77198
               5.5500002                      -134.17159
               5.5749998                      -152.15717
               5.5999999                      -170.64939
                   5.625                       170.65185
               5.6500001                        152.1511
               5.6750002                        134.1653
               5.6999998                        116.7987
               5.7249999                       99.926278
                    5.75                       83.270451
               5.7750001                       66.488076
               5.8000002                       49.266164
               5.8249998                       31.417407
               5.8499999                       12.976549
                   5.875                      -5.7737957
               5.9000001                      -24.400869
               5.9250002                      -42.523709
               5.9499998                      -59.981234
               5.9749999                      -76.865464
                       6                      -93.451568
               6.0250001                      -110.10324
               6.0500002                      -127.17456
               6.0749998                      -144.90552
               6.0999999                      -163.32014
                   6.125                       177.83903
               6.1500001                        159.0336
               6.1750002                       140.71384
               6.1999998                       123.11009
               6.2249999                       106.16772
                    6.25                       89.612655
               6.2750001                       73.058462
               6.3000002                        56.10823
               6.3249998                       38.462077
               6.3499999                       20.035649
                   6.375                       1.0562469
               6.4000001                       -17.98479
               6.4250002                      -36.559848
               6.4499998                      -54.362927
               6.4749999                      -71.409766
                     6.5                       -87.97445
               6.5250001                      -104.47181
               6.5500002                      -121.34774
               6.5749998                      -138.96197
               6.5999999                      -157.45835
                   6.625                      -176.63577
               6.6500001                       164.03644
               6.6750002                       145.17156
               6.6999998                       127.15341
               6.7249999                       109.99467
                    6.75                       93.406378
               6.7750001                       76.932617
               6.8000002                       60.072869
               6.8249998                       42.404865
               6.8499999                       23.734513
                   6.875                       4.2559072
               6.9000001                      -15.434709
               6.9250002                      -34.620434
               6.9499998                      -52.850592
               6.9749999                      -70.105946
                       7                      -86.719153
               7.0250001                      -103.20646
               7.0500002                      -120.13397
               7.0749998                      -137.98645
               7.0999999                      -156.99207
                   7.125                      -176.91393
               7.1500001                       162.96094
               7.1750002                       143.47185
               7.1999998                       125.10662
               7.2249999                       107.82897
                    7.25                       91.220133
               7.2750001                       74.673372
               7.3000002                       57.539979
               7.3249998                       39.277474
               7.3499999                       19.669914
                   7.375                     -0.91070371
               7.4000001                      -21.534159
               7.4250002                      -41.238327
               7.4499998                      -59.586947
               7.4749999                      -76.766238
                     7.5                      -93.347533
               7.5250001                       -110.0639
               7.5500002                      -127.66022
               7.5749998                       -146.7135
               7.5999999                      -167.30985
                   7.625                       171.25101
               7.6500001                       150.22408
               7.6750002                       130.59554
               7.6999998                       112.55028
               7.7249999                       95.613602
                    7.75                       78.996025
               7.7750001                       61.804931
               7.8000002                       43.199712
               7.8249998                       22.686853
               7.8499999                      0.61692635
                   7.875                      -21.652769
               7.9000001                      -42.601451
               7.9250002                      -61.607079
               7.9499998                      -79.029855
               7.9749999                      -95.743601
                       8                      -112.79569
               8.0249996                      -131.25928
               8.0500002                      -151.95442
               8.0749998                      -174.81818
               8.1000004                       161.64751
                   8.125                       139.50545
               8.1499996                       119.73965
               8.1750002                       101.96717
               8.1999998                       85.126218
               8.2250004                       67.939931
                    8.25                       49.075933
               8.2749996                       27.431776
               8.3000002                       3.0638452
               8.3249998                      -21.933556
               8.3500004                      -44.852826
                   8.375                      -64.758076
               8.3999996                       -82.45056
               8.4250002                      -99.378064
               8.4499998                      -117.16453
               8.4750004                      -137.52396
                     8.5                      -161.69299
               8.5249996                       171.32065
               8.5500002                       145.27195
               8.5749998                         122.938
               8.6000004                       104.03116
                   8.625                       86.823456
               8.6499996                       69.298829
               8.6750002                       49.229658
               8.6999998                       24.439022
               8.7250004                      -4.8829255
                    8.75                      -33.741951
               8.7749996                      -57.677557
               8.8000002                      -77.101083
               8.8249998                      -94.453918
               8.8500004                      -112.40956
                   8.875                       -134.0594
               8.8999996                      -162.55779
               8.9250002                       163.77473
               8.9499998                       133.79184
               8.9750004                       111.06928
                       9                       92.732024
               9.0249996                       75.114724
               9.0500002                        54.23773
               9.0749998                       24.818304
               9.1000004                      -13.942636
                   9.125                      -48.288542
               9.1499996                      -72.093007
               9.1750002                      -90.451245
               9.1999998                        -108.712
               9.2250004                       -133.2456
                    9.25                      -173.32188
               9.2749996                        140.8763
               9.3000002                       111.37294
               9.3249998                       91.808654
               9.3500004                       73.368673
                   9.375                       46.096436
               9.3999996                      -7.7543026
               9.4250002                      -57.458844
               9.4499998                      -82.085121
               9.4750004                      -100.33539
                     9.5                      -127.33922
               9.5249996                        159.9762
               9.5500002                       108.44007
               9.5749998                       87.652256
               9.6000004                       63.773915
                   9.625                      -37.885528
               9.6499996                      -84.331689
               9.6750002                      -104.83843
               9.6999998                        110.9106
               9.7250004                       82.621593
                    9.75                      -99.915886
               9.7749996                       134.36011
               9.8000002                       102.12468
               9.8249998                       97.728442
               9.8500004                       96.457261
                   9.875                       96.197168
               9.8999996                       96.436716
               9.9250002                       96.861171
               9.9499998                       97.443868
               9.9750004                       98.097381
                      10                       98.843129
                  10.025                        99.51806
                   10.05                       100.27124
                  10.075                       101.04147
                    10.1                       101.85453
                  10.125                       102.58891
                   10.15                       103.37269
                  10.175                       104.28324
                    10.2                       104.86244
                  10.225                        105.6602
                   10.25                       106.55326
                  10.275                        107.1753
                    10.3                       108.02378
                  10.325                       108.96012
                   10.35                       109.62849
                  10.375                       110.54122
                    10.4                       111.13659
                  10.425                       111.81502
                   10.45                       112.57826
                  10.475                       113.38826
                    10.5                       114.42252
                  10.525                       114.84828
                   10.55                       115.64999
                  10.575                       116.52993
                    10.6                       116.79615
                  10.625                       117.67915
                   10.65                        118.4826
                  10.675                        119.6987
                    10.7                       120.12009
                  10.725                       121.42668
                   10.75                       121.85726
                  10.775                       122.31494
                    10.8                       123.55552
                  10.825                       123.71813
                   10.85                       124.90451
                  10.875                       125.31541
                    10.9                       126.13547
                  10.925                       127.19027
                   10.95                       127.84772
                  10.975                       128.29491
                      11                       128.97858
                  11.025                       130.36735
                   11.05                        130.4574
                  11.075                       131.01212
                    11.1                       132.41313
                  11.125                       132.26844
                   11.15                       133.06533
                  11.175                       134.52316
                    11.2                       134.49169
                  11.225                       134.64862
                   11.25                       136.00897
                  11.275                       136.21224
                    11.3                       138.21212
                  11.325                       138.76159
                   11.35                       139.35609
                  11.375                       139.83607
                    11.4                       140.08742
                  11.425                       140.49001
                   11.45                        141.8189
                  11.475                       142.20664
                    11.5                       143.01926
                  11.525                       143.74097
                   11.55                       143.42361
                  11.575                       144.11078
                    11.6                       144.83861
                  11.625                        145.9817
                   11.65                       146.99585
                  11.675                       147.91601
                    11.7                       147.87711
                  11.725                       148.31643
                   11.75                       149.60553
                  11.775                       149.34806
                    11.8                       150.11304
                  11.825                       151.85982
                   11.85                       152.43159
                  11.875                       151.49832
                    11.9                       152.32275
                  11.925                       153.32727
                   11.95                        154.1823
                  11.975                       154.80915
                      12                       154.67845
                  12.025                       155.85564
                   12.05                       155.39316
                  12.075                       157.34758
                    12.1                       157.67761
                  12.125                        157.4656
                   12.15                       158.80148
                  12.175                       159.14506
                    12.2                       159.58657
                  12.225                       159.36582
                   12.25                       160.99064
                  12.275                       161.44875
                    12.3                       162.31821
                  12.325                       162.97915
                   12.35                       162.57568
                  12.375                       162.88298
                    12.4                       165.29901
                  12.425                       164.73074
                   12.45                       165.39343
                  12.475                        164.0593
                    12.5                       165.23738
                  12.525                       165.43714
                   12.55                       166.71532
                  12.575                       168.43762
                    12.6                       165.30426
                  12.625                       167.48205
                   12.65                        167.3002
                  12.675                       169.54706
                    12.7                       168.95387
                  12.725                       169.39013
                   12.75                       170.31292
                  12.775                        170.3151
                    12.8                       170.77584
                  12.825                       171.69338
                   12.85                       172.18472
                  12.875                       172.38449
                    12.9                       173.12848
                  12.925                       171.27635
                   12.95                       173.45764
                  12.975                        173.7291
                      13                        174.3765
                  13.025                       175.20661
                   13.05                       175.69314
                  13.075                       175.05318
                    13.1                       175.57555
                  13.125                       175.62276
                   13.15                       176.47954
                  13.175                       176.01618
                    13.2                       177.36167
                  13.225                       176.11716
                   13.25                       176.58052
                  13.275                       178.20315
                    13.3                       179.40658
                  13.325                       178.12359
                   13.35                       179.08047
                  13.375                        179.8048
                    13.4                       178.61012
                  13.425                       177.60778
                   13.45                       178.97207
                  13.475                       178.35003
                    13.5                       179.95955
                  13.525                       176.58489
                   13.55                      -179.58977
                  13.575                        178.9371
                    13.6                       179.96042
                  13.625                       178.52881
                   13.65                       179.19719
                  13.675                       179.75978
                    13.7                       179.83322
                  13.725                       178.98911
                   13.75                       -179.6007
                  13.775                        177.8141
                    13.8                       179.16746
                  13.825                      -179.22739
                   13.85                       -177.5488
                  13.875                      -178.96773
                    13.9                      -178.96074
                  13.925                      -179.94997
                   13.95                       179.65181
                  13.975                       178.11048
                      14                        177.7328
                  14.025                       -178.9415
                   14.05                       178.96507
                  14.075                      -178.93538
                    14.1                       179.80524
                  14.125                       179.10539
                   14.15                      -179.86779
                  14.175                      -179.37514
                    14.2                       178.33735
                  14.225                       178.92092
                   14.25                      -179.91194
                  14.275                       179.31696
                    14.3                       179.38035
                  14.325                       178.88027
                   14.35                       179.14211
                  14.375                       178.49559
                    14.4                       179.75672
                  14.425                       177.58373
                   14.45                       177.85301
                  14.475                       178.39068
                    14.5                        178.5922
                  14.525                       177.74897
                   14.55                       177.87749
                  14.575                       178.53319
                    14.6                       177.60122
                  14.625                        178.4239
                   14.65                       175.95673
                  14.675                       176.96869
                    14.7                       177.37697
                  14.725                       176.86859
                   14.75                       176.93765
                  14.775                       176.59319
                    14.8                       176.82837
                  14.825                       176.48041
                   14.85                       176.56959
                  14.875                       175.51916
                    14.9                       175.46714
                  14.925                       175.49381
                   14.95                       175.36529
                  14.975                       175.07285
                      15                       174.20864
                  15.025                        173.6561
                   15.05                       172.56196
                  15.075                       170.74305
                    15.1                       167.85274
                  15.125                       162.06336
                   15.15                       150.71847
                  15.175                       129.23692
                    15.2                       -68.28763
                  15.225                       -99.15309
                   15.25                       96.740086
                  15.275                       82.750547
                    15.3                      -24.603853
                  15.325                      -82.554456
                   15.35                      -95.460781
                  15.375                      -126.73059
                    15.4                       118.52966
                  15.425                        95.89234
                   15.45                       83.251354
                  15.475                       60.234598
                    15.5                      -29.145802
                  15.525                      -72.965675
                   15.55                      -87.709265
                  15.575                      -100.94825
                    15.6                      -126.09296
                  15.625                       160.06668
                   15.65                       113.69134
                  15.675                       96.700888
                    15.7                       84.086129
                  15.725                       67.445383
                   15.75                       29.504066
                  15.775                      -37.309829
                    15.8                      -68.833171
                  15.825                      -84.225469
                   15.85                      -96.932025
                  15.875                       -113.3848
                    15.9                      -146.02895
                  15.925                       155.12082
                   15.95                        118.6439
                  15.975                       100.87186
                      16                       87.893403
                  16.025                       73.913044
               16.049999                       52.173591
               16.075001                       9.1571682
                    16.1                      -40.417983
                  16.125                       -66.83912
                   16.15                      -82.328463
               16.174999                      -95.198505
               16.200001                      -110.04264
                  16.225                      -133.44057
                   16.25                      -175.92894
                  16.275                       139.32447
               16.299999                       114.02414
               16.325001                       98.424643
                   16.35                       85.437448
                  16.375                       70.933405
                    16.4                       49.482459
               16.424999                       12.178479
               16.450001                      -32.214037
                  16.475                      -60.377583
                    16.5                      -77.466825
                  16.525                      -90.828205
               16.549999                      -104.53142
               16.575001                      -122.79218
                    16.6                      -152.79955
                  16.625                       164.09573
                   16.65                       130.02565
               16.674999                       109.57923
               16.700001                       95.096173
                  16.725                       81.889538
                   16.75                       66.433422
                  16.775                       43.583652
               16.799999                       6.8837879
               16.825001                      -33.254556
                   16.85                      -59.787599
                  16.875                       -76.85761
                    16.9                      -90.462035
               16.924999                       -104.2518
               16.950001                      -121.95128
                  16.975                      -149.48973
                      17                       170.64819
                  17.025                       135.66451
               17.049999                       113.54825
               17.075001                       98.152453
                    17.1                       84.745612
                  17.125                       70.011637
                   17.15                       49.745317
               17.174999                       17.820687
               17.200001                      -22.265202
                  17.225                      -52.464911
                   17.25                      -71.759048
                  17.275                      -86.217629
               17.299999                      -99.804569
               17.325001                      -115.86218
                   17.35                      -139.27323
                  17.375                      -175.24046
                    17.4                       146.48426
               17.424999                        120.4373
               17.450001                       103.17233
                  17.475                       89.254046
                    17.5                       75.150417
                  17.525                       57.184285
               17.549999                       29.653706
               17.575001                      -9.5666604
                    17.6                      -44.215503
                  17.625                      -66.502244
                   17.65                      -82.176052
               17.674999                      -95.904623
               17.700001                      -111.09234
                  17.725                       -132.1691
                   17.75                       -165.3518
                  17.775                       154.35773
               17.799999                       124.93962
               17.825001                       106.04764
                   17.85                       91.565454
                  17.875                       77.507286
                    17.9                       60.139152
               17.924999                       33.628838
               17.950001                      -5.9840724
                  17.975                      -42.711914
                      18                      -66.105473
                  18.025                      -82.188438
               18.049999                      -96.132953
               18.075001                      -111.66688
                    18.1                      -133.78576
                  18.125                      -169.51345
                   18.15                       148.89081
               18.174999                       120.53842
               18.200001                       102.47438
                  18.225                       88.155677
                   18.25                       73.405965
                  18.275                       53.586398
               18.299999                       21.008687
               18.325001                      -22.903856
                   18.35                      -55.286601
                  18.375                      -75.004757
                    18.4                      -89.762336
               18.424999                      -104.33807
               18.450001                      -123.49233
                  18.475                      -155.48427
                    18.5                       158.75324
                  18.525                       124.64557
               18.549999                       104.52263
               18.575001                       89.685493
                    18.6                        74.90868
                  18.625                       54.812839
                   18.65                       19.635073
               18.674999                       -28.45383
               18.700001                      -60.597904
                  18.725                      -79.363109
                   18.75                      -93.914364
                  18.775                      -109.65199
               18.799999                       -133.6829
               18.825001                      -177.98099
                   18.85                       135.30533
                  18.875                       109.52765
                    18.9                       93.314417
               18.924999                       78.715079
               18.950001                       59.480394
                  18.975                       23.194056
                      19                      -31.500788
                  19.025                      -64.902054
               19.049999                      -83.118221
               19.075001                      -97.727176
                    19.1                      -115.63036
                  19.125                      -149.67683
                   19.15                       151.16608
               19.174999                       114.65506
               19.200001                       96.125904
                  19.225                       81.418157
                   19.25                       62.337341
                  19.275                       21.259161
               19.299999                      -42.201055
               19.325001                      -72.934064
                   19.35                      -89.453286
                  19.375                      -104.95137
                    19.4                      -131.54212
               19.424999                       162.45181
               19.450001                       114.39001
                  19.475                       94.763654
                    19.5                       79.741172
                  19.525                       56.487494
               19.549999                      -11.156953
               19.575001                      -66.873812
                    19.6                      -86.744088
                  19.625                      -102.12677
                   19.65                      -131.17857
               19.674999                       140.94127
               19.700001                       102.20612
                  19.725                       86.063704
                   19.75                       66.263369
                  19.775                      -13.472152
               19.799999                      -75.484586
               19.825001                       -92.99435
                   19.85                      -113.13827
                  19.875                       144.56495
                    19.9                       97.430741
               19.924999                       81.578582
               19.950001                       32.300679
                  19.975                      -78.868135
                      20                      -96.547506
                  20.025                      -154.45964
               20.049999                       95.298264
               20.075001                        77.76402
                    20.1                      -80.922803
                  20.125                      -103.40626
                   20.15                       91.394527
               20.174999                       -68.73221
               20.200001                      -7.8921626
                  20.225                      -13.134251
                   20.25                       -10.91974
                  20.275                      -9.3906519
               20.299999                      -8.1500708
               20.325001                      -7.1962481
                   20.35                      -5.8131617
                  20.375                      -4.6547621
                    20.4                      -3.9317458
               20.424999                      -2.6186008
               20.450001                      -1.4059963
                  20.475                     -0.92252829
                    20.5                      0.95801412
                  20.525                       2.0980549
               20.549999                        2.860413
               20.575001                       4.5661023
                    20.6                       4.8362506
                  20.625                       5.9762904
                   20.65                       7.7877666
               20.674999                        8.900705
               20.700001                       9.0169817
                  20.725                       11.202642
                   20.75                       13.071819
                  20.775                       14.040503
               20.799999                       14.171643
               20.825001                       16.331076
                   20.85                       16.380036
                  20.875                       17.489476
                    20.9                       18.283308
               20.924999                       20.319471
               20.950001                       20.378045
                  20.975                        22.68785
                      21                       22.337271
                  21.025                       26.270584
               21.049999                       23.548127
               21.075001                        25.43916
                    21.1                       26.636028
                  21.125                       27.894094
                   21.15                       28.673063
               21.174999                       30.153194
               21.200001                       32.011006
                  21.225                       32.821448
                   21.25                       32.716537
                  21.275                       36.895518
               21.299999                       35.160978
               21.325001                       37.144684
                   21.35                       35.762473
                  21.375                       38.445589
                    21.4                       38.282102
               21.424999                       41.266842
               21.450001                       39.424766
                  21.475                       43.804832
                    21.5                       41.151434
                  21.525                       45.254358
               21.549999                       44.636255
               21.575001                       46.272004
                    21.6                       47.189982
                  21.625                       49.399246
                   21.65                       49.449079
               21.674999                       51.906636
               21.700001                       50.826044
                  21.725                       51.674082
                   21.75                       56.437948
                  21.775                       53.758327
               21.799999                       55.943115
               21.825001                       55.930001
                   21.85                       58.127027
                  21.875                       57.438981
                    21.9                       58.639343
               21.924999                        61.34694
               21.950001                       60.074888
                  21.975                       62.667081
                      22                       64.910443
                  22.025                       64.627181
               22.049999                       63.646256
               22.075001                        65.80394
                    22.1                       66.505097
                  22.125                        69.18472
                   22.15                       68.426732
               22.174999                       66.129167
               22.200001                       70.143787
                  22.225                       70.456775
                   22.25                       73.476482
                  22.275                       71.691235
               22.299999                       73.122405
               22.325001                       75.189164
                   22.35                       75.596572
                  22.375                       78.946753
                    22.4                       75.219764
               22.424999                       74.844706
               22.450001                       81.525832
                  22.475                        79.30695
                    22.5                       83.305835
                  22.525                       85.801859
               22.549999                       82.887063
               22.575001                       82.679862
                    22.6                       81.315136
                  22.625                       85.767763
                   22.65                       86.257351
               22.674999                       86.033539
               22.700001                       87.716497
                  22.725                       87.971783
                   22.75                       91.526541
                  22.775                       89.495625
               22.799999                       91.161099
               22.825001                       89.550704
                   22.85                       93.518989
                  22.875                       92.324744
                    22.9                       96.423295
               22.924999                       97.753051
               22.950001                       95.840161
                  22.975                       98.385143
                      23                       96.564925
                  23.025                        101.2265
               23.049999                       100.00341
               23.075001                       100.21411
                    23.1                       100.54283
                  23.125                       103.26704
                   23.15                       103.08257
               23.174999                        105.0077
               23.200001                       103.07732
                  23.225                       106.39253
                   23.25                       109.39825
                  23.275                       106.97392
               23.299999                       108.37186
               23.325001                       106.77721
                   23.35                       112.05689
                  23.375                       109.78642
                    23.4                       111.24207
               23.424999                       113.44872
               23.450001                        110.0828
                  23.475                       116.39761
                    23.5                       112.52025
                  23.525                       116.17467
               23.549999                       115.88354
               23.575001                       115.75503
                    23.6                       116.64852
                  23.625                       119.35612
                   23.65                       114.63422
               23.674999                       120.52676
               23.700001                       120.35628
                  23.725                       121.32933
                   23.75                       119.75129
                  23.775                       120.07127
               23.799999                       123.16354
               23.825001                       124.42335
                   23.85                       125.64383
                  23.875                       126.87916
                    23.9                       127.84085
               23.924999                       126.72005
               23.950001                       125.35794
                  23.975                       129.51769
                      24                       128.41525
                  24.025                       130.20486
               24.049999                       133.17911
               24.075001                       133.04185
                    24.1                       132.25851
                  24.125                       134.01666
                   24.15                       136.68404
               24.174999                       134.53947
               24.200001                       133.97557
                  24.225                       137.53819
                   24.25                       137.19461
                  24.275                       136.36843
               24.299999                       144.57952
               24.325001                       136.11751
                   24.35                       140.32098
                  24.375                       144.26653
                    24.4                       139.30246
               24.424999                       145.28592
               24.450001                        142.3108
                  24.475                        142.2802
                    24.5                       144.26566
                  24.525                       147.56863
               24.549999                       147.17521
               24.575001                       149.27956
                    24.6                       147.53016
                  24.625                       145.75278
                   24.65                       147.81167
               24.674999                       150.66439
               24.700001                       155.34958
                  24.725                       153.26533
                   24.75                       154.42898
                  24.775                        151.7581
               24.799999                       155.27439
               24.825001                       154.82327
                   24.85                       153.60192
                  24.875                       157.96887
                    24.9                       156.83758
               24.924999                       159.86165
               24.950001                       160.77089
                  24.975                       159.41228
                      25                       159.73751

