0.0000000000000	-534.39190673828
0.12495899200439	-540.85186767578
0.24991798400879	-547.31176757812
0.37487697601318	-553.77172851562
0.49983596801758	-560.23168945312
0.62479400634766	-566.69152832031
0.74975299835205	-573.10791015625
0.87471199035645	-579.51409912109
0.99967098236084	-585.92028808594
1.1246299743652	-592.32647705078
1.2495889663696	-598.73266601562
1.3745479583740	-605.10339355469
1.4995069503784	-611.43652343750
1.6244659423828	-617.76965332031
1.7494249343872	-624.10272216797
1.8743839263916	-630.43585205078
1.9993419647217	-636.76068115234
2.1243009567261	-643.04193115234
2.2492599487305	-649.32312011719
2.3742189407349	-655.60437011719
2.4991779327393	-661.88555908203
2.6241369247437	-668.16680908203
2.7490959167480	-674.38720703125
2.8740549087524	-680.59539794922
2.9990139007568	-686.80358886719
3.1239719390869	-693.01171875000
3.2489309310913	-699.21984863281
3.3738899230957	-705.39440917969
3.4988489151001	-711.53613281250
3.6238079071045	-717.67791748047
3.7487668991089	-723.81964111328
3.8737258911133	-729.96142578125
3.9986848831177	-736.08886718750
4.1236438751221	-742.15130615234
4.2486019134521	-748.21368408203
4.3735618591309	-754.27618408203
4.4985198974609	-760.33856201172
4.6234788894653	-766.40100097656
4.7484378814697	-772.39819335938
4.8733968734741	-778.38427734375
4.9983558654785	-784.37036132812
5.1233148574829	-790.35644531250
5.2482738494873	-796.34259033203
5.3732318878174	-802.28594970703
5.4981918334961	-808.19146728516
5.6231498718262	-814.09686279297
5.7481098175049	-820.00231933594
5.8730678558350	-825.90771484375
5.9980268478394	-831.79711914062
6.1229858398438	-837.62341308594
6.2479438781738	-843.44964599609
6.3729038238525	-849.27600097656
6.4978618621826	-855.10223388672
6.6228218078613	-860.92858886719
6.7477798461914	-866.67352294922
6.8727397918701	-872.40710449219
6.9976978302002	-878.14062500000
7.1226577758789	-883.87420654297
7.2476158142090	-889.60772705078
7.3725738525391	-895.29418945312
7.4975337982178	-900.94232177734
7.6224937438965	-906.59045410156
7.7474517822266	-912.23852539062
7.8724098205566	-917.88659667969
7.9973697662354	-923.51263427734
8.1223278045654	-929.06256103516
8.2472877502441	-934.61260986328
8.3722457885742	-940.16247558594
8.4972038269043	-945.71240234375
8.6221637725830	-951.26245117188
8.7471237182617	-956.72991943359
8.8720817565918	-962.18798828125
8.9970397949219	-967.64611816406
9.1219997406006	-973.10430908203
9.2469577789307	-978.56243896484
9.3719177246094	-983.96594238281
9.4968757629395	-989.32855224609
9.6218338012695	-994.69116210938
9.7467937469482	-1000.0538940430
9.8717536926270	-1005.4165649414
9.9967117309570	-1010.7520751953
10.121669769287	-1016.0048828125
10.246629714966	-1021.2577514648
10.371589660645	-1026.5106201172
10.496547698975	-1031.7633056641
10.621505737305	-1037.0161132812
10.746463775635	-1042.1741943359
10.871423721313	-1047.3240966797
10.996383666992	-1052.4741210938
11.121341705322	-1057.6240234375
11.246299743652	-1062.7739257812
11.371259689331	-1067.8634033203
11.496219635010	-1072.9117431641
11.621177673340	-1077.9600830078
11.746135711670	-1083.0083007812
11.871093750000	-1088.0566406250
11.996053695679	-1093.0740966797
12.121013641357	-1098.0074462891
12.245971679688	-1102.9407958984
12.370929718018	-1107.8741455078
12.495889663696	-1112.8076171875
12.620849609375	-1117.7410888672
12.745807647705	-1122.5675048828
12.870765686035	-1127.3875732422
12.995723724365	-1132.2076416016
13.120683670044	-1137.0277099609
13.245643615723	-1141.8479003906
13.370601654053	-1146.5993652344
13.495559692383	-1151.3082275391
13.620519638062	-1156.0170898438
13.745479583740	-1160.7260742188
13.870437622070	-1165.4349365234
13.995395660400	-1170.1088867188
14.120355606079	-1174.6978759766
14.245313644409	-1179.2868652344
14.370273590088	-1183.8758544922
14.495231628418	-1188.4648437500
14.620189666748	-1193.0537109375
14.745149612427	-1197.5241699219
14.870109558105	-1201.9903564453
14.995067596436	-1206.4564208984
15.120025634766	-1210.9224853516
15.244985580444	-1215.3886718750
15.369945526123	-1219.7775878906
15.494903564453	-1224.1226806641
15.619861602783	-1228.4678955078
15.744819641113	-1232.8131103516
15.869779586792	-1237.1584472656
15.994739532471	-1241.4659423828
16.119697570801	-1245.6904296875
16.244655609131	-1249.9149169922
16.369615554810	-1254.1395263672
16.494573593140	-1258.3640136719
16.619533538818	-1262.5885009766
16.744491577148	-1266.6822509766
16.869451522827	-1270.7741699219
16.994409561157	-1274.8660888672
17.119369506836	-1278.9581298828
17.244327545166	-1283.0500488281
17.369285583496	-1287.0571289062
17.494245529175	-1291.0208740234
17.619203567505	-1294.9844970703
17.744163513184	-1298.9481201172
17.869121551514	-1302.9117431641
17.994081497192	-1306.8310546875
18.119039535522	-1310.6623535156
18.243999481201	-1314.4935302734
18.368957519531	-1318.3247070312
18.493915557861	-1322.1560058594
18.618875503540	-1325.9860839844
18.743833541870	-1329.6892089844
18.868793487549	-1333.3923339844
18.993751525879	-1337.0954589844
19.118711471558	-1340.7987060547
19.243669509888	-1344.5018310547
19.368629455566	-1348.1093750000
19.493587493896	-1351.6724853516
19.618547439575	-1355.2355957031
19.743505477905	-1358.7987060547
19.868463516235	-1362.3618164062
19.993423461914	-1365.8746337891
20.118381500244	-1369.2968750000
20.243341445923	-1372.7192382812
20.368299484253	-1376.1414794922
20.493259429932	-1379.5637207031
20.618217468262	-1382.9818115234
20.743177413940	-1386.2716064453
20.868135452271	-1389.5612792969
20.993093490601	-1392.8508300781
21.118053436279	-1396.1406250000
21.243011474609	-1399.4301757812
21.367971420288	-1402.6176757812
21.492929458618	-1405.7622070312
21.617889404297	-1408.9068603516
21.742847442627	-1412.0515136719
21.867807388306	-1415.1961669922
21.992765426636	-1418.2873535156
22.117725372314	-1421.2912597656
22.242683410645	-1424.2951660156
22.367641448975	-1427.2990722656
22.492599487305	-1430.3029785156
22.617561340332	-1433.2993164062
22.742519378662	-1436.1579589844
22.867477416992	-1439.0166015625
22.992439270020	-1441.8753662109
23.117393493652	-1444.7338867188
23.242355346680	-1447.5926513672
23.367313385010	-1450.3447265625
23.492271423340	-1453.0568847656
23.617233276367	-1455.7690429688
23.742187500000	-1458.4810791016
23.867149353027	-1461.1932373047
23.992107391357	-1463.8453369141
24.117065429688	-1466.4075927734
24.242027282715	-1468.9699707031
24.366985321045	-1471.5322265625
24.491943359375	-1474.0944824219
24.616901397705	-1476.6459960938
24.741859436035	-1479.0640869141
24.866821289062	-1481.4821777344
24.991779327393	-1483.9003906250
25.116737365723	-1486.3184814453
25.241699218750	-1488.7365722656
25.366653442383	-1491.0372314453
25.491615295410	-1493.2985839844
25.616573333740	-1495.5599365234
25.741531372070	-1497.8212890625
25.866493225098	-1500.0827636719
25.991447448730	-1502.2838134766
26.116409301758	-1504.4030761719
26.241367340088	-1506.5222167969
26.366325378418	-1508.6413574219
26.491287231445	-1510.7606201172
26.616245269775	-1512.8646240234
26.741203308105	-1514.8277587891
26.866165161133	-1516.7908935547
26.991119384766	-1518.7540283203
27.116081237793	-1520.7171630859
27.241039276123	-1522.6802978516
27.365997314453	-1524.5228271484
27.490959167480	-1526.3297119141
27.615913391113	-1528.1363525391
27.740875244141	-1529.9431152344
27.865833282471	-1531.7498779297
27.990791320801	-1533.4890136719
28.115753173828	-1535.1440429688
28.240711212158	-1536.7989501953
28.365669250488	-1538.4539794922
28.490627288818	-1540.1088867188
28.615585327148	-1541.7449951172
28.740547180176	-1543.2424316406
28.865505218506	-1544.7398681641
28.990463256836	-1546.2373046875
29.115425109863	-1547.7347412109
29.240379333496	-1549.2320556641
29.365341186523	-1550.6076660156
29.490299224854	-1551.9514160156
29.615257263184	-1553.2951660156
29.740219116211	-1554.6390380859
29.865173339844	-1555.9827880859
29.990135192871	-1557.2518310547
30.115093231201	-1558.4357910156
30.240051269531	-1559.6197509766
30.365013122559	-1560.8037109375
30.489971160889	-1561.9876708984
30.614929199219	-1563.1491699219
30.739891052246	-1564.1743164062
30.864845275879	-1565.1993408203
30.989807128906	-1566.2244873047
31.114765167236	-1567.2496337891
31.239723205566	-1568.2746582031
31.364685058594	-1569.1773681641
31.489639282227	-1570.0521240234
31.614601135254	-1570.9270019531
31.739559173584	-1571.8018798828
31.864517211914	-1572.6767578125
31.989479064941	-1573.4708251953
32.114437103271	-1574.1806640625
32.239395141602	-1574.8903808594
32.364353179932	-1575.6002197266
32.489311218262	-1576.3099365234
32.614273071289	-1576.9942626953
32.739231109619	-1577.5474853516
32.864189147949	-1578.1008300781
32.989147186279	-1578.6541748047
33.114109039307	-1579.2073974609
33.239067077637	-1579.7607421875
33.364025115967	-1580.1827392578
33.488983154297	-1580.5792236328
33.613941192627	-1580.9757080078
33.738903045654	-1581.3723144531
33.863861083984	-1581.7687988281
33.988819122314	-1582.0791015625
34.113777160645	-1582.3068847656
34.238739013672	-1582.5347900391
34.363697052002	-1582.7625732422
34.488655090332	-1582.9904785156
34.613613128662	-1583.1900634766
34.738571166992	-1583.2656250000
34.863533020020	-1583.3413085938
34.988491058350	-1583.4168701172
35.113449096680	-1583.4925537109
35.238407135010	-1583.5681152344
35.363368988037	-1583.5062255859
35.488327026367	-1583.4217529297
35.613285064697	-1583.3374023438
35.738243103027	-1583.2529296875
35.863201141357	-1583.1685791016
35.988162994385	-1582.9984130859
36.113121032715	-1582.7534179688
36.238079071045	-1582.5084228516
36.363037109375	-1582.2634277344
36.487998962402	-1582.0184326172
36.612957000732	-1581.7401123047
36.737915039062	-1581.3348388672
36.862873077393	-1580.9294433594
36.987831115723	-1580.5241699219
37.112792968750	-1580.1187744141
37.237751007080	-1579.7135009766
37.362709045410	-1579.1704101562
37.487667083740	-1578.6090087891
37.612628936768	-1578.0474853516
37.737586975098	-1577.4859619141
37.862545013428	-1576.9244384766
37.987503051758	-1576.2727050781
38.112464904785	-1575.5488281250
38.237422943115	-1574.8248291016
38.362380981445	-1574.1008300781
38.487339019775	-1573.3769531250
38.612297058105	-1572.6175537109
38.737258911133	-1571.7391357422
38.862216949463	-1570.8607177734
38.987174987793	-1569.9822998047
39.112133026123	-1569.1040039062
39.237094879150	-1568.2255859375
39.362052917480	-1567.2012939453
39.487010955811	-1566.1614990234
39.611968994141	-1565.1217041016
39.736927032471	-1564.0819091797
39.861888885498	-1563.0419921875
39.986846923828	-1561.9116210938
40.111804962158	-1560.7149658203
40.236763000488	-1559.5183105469
40.361724853516	-1558.3216552734
40.486682891846	-1557.1250000000
40.611640930176	-1555.8887939453
40.736598968506	-1554.5352783203
40.861557006836	-1553.1816406250
40.986518859863	-1551.8280029297
41.111476898193	-1550.4744873047
41.236434936523	-1549.1208496094
41.361392974854	-1547.6254882812
41.486354827881	-1546.1187744141
41.611312866211	-1544.6119384766
41.736270904541	-1543.1052246094
41.861228942871	-1541.5983886719
41.986186981201	-1539.9948730469
42.111148834229	-1538.3265380859
42.236106872559	-1536.6582031250
42.361064910889	-1534.9899902344
42.486022949219	-1533.3216552734
42.610984802246	-1531.6126708984
42.735942840576	-1529.7952880859
42.860900878906	-1527.9780273438
42.985858917236	-1526.1607666016
43.110816955566	-1524.3433837891
43.235778808594	-1522.5260009766
43.360736846924	-1520.5623779297
43.485694885254	-1518.5904541016
43.610652923584	-1516.6186523438
43.735614776611	-1514.6467285156
43.860572814941	-1512.6749267578
43.985530853271	-1510.6085205078
44.110488891602	-1508.4843750000
44.235450744629	-1506.3601074219
44.360408782959	-1504.2360839844
44.485366821289	-1502.1119384766
44.610324859619	-1499.9423828125
44.735282897949	-1497.6644287109
44.860244750977	-1495.3863525391
44.985202789307	-1493.1083984375
45.110160827637	-1490.8305664062
45.235118865967	-1488.5526123047
45.360080718994	-1486.1340332031
45.485038757324	-1483.7110595703
45.609996795654	-1481.2880859375
45.734954833984	-1478.8652343750
45.859912872314	-1476.4422607422
45.984874725342	-1473.9180908203
46.109832763672	-1471.3377685547
46.234790802002	-1468.7574462891
46.359748840332	-1466.1772460938
46.484710693359	-1463.5968017578
46.609668731689	-1460.9744873047
46.734626770020	-1458.2617187500
46.859584808350	-1455.5489501953
46.984542846680	-1452.8361816406
47.109504699707	-1450.1232910156
47.234462738037	-1447.4105224609
47.359420776367	-1444.5384521484
47.484378814697	-1441.6650390625
47.609340667725	-1438.7916259766
47.734298706055	-1435.9182128906
47.859256744385	-1433.0447998047
47.984214782715	-1430.0781250000
48.109172821045	-1427.0646972656
48.234134674072	-1424.0511474609
48.359092712402	-1421.0377197266
48.484050750732	-1418.0241699219
48.609008789062	-1414.9632568359
48.733970642090	-1411.8096923828
48.858928680420	-1408.6562500000
48.983886718750	-1405.5028076172
49.108844757080	-1402.3493652344
49.233802795410	-1399.1939697266
49.358764648438	-1395.8986816406
49.483722686768	-1392.6035156250
49.608680725098	-1389.3083496094
49.733638763428	-1386.0130615234
49.858600616455	-1382.7177734375
49.983558654785	-1379.3247070312
50.108516693115	-1375.8873291016
50.233474731445	-1372.4499511719
50.358436584473	-1369.0123291016
50.483394622803	-1365.5749511719
50.608352661133	-1362.0878906250
50.733310699463	-1358.5134277344
50.858268737793	-1354.9388427734
50.983230590820	-1351.3642578125
51.108188629150	-1347.7896728516
51.233146667480	-1344.2104492188
51.358104705811	-1340.5041503906
51.483066558838	-1336.7978515625
51.608024597168	-1333.0916748047
51.732982635498	-1329.3853759766
51.857940673828	-1325.6791992188
51.982898712158	-1321.8741455078
52.107860565186	-1318.0285644531
52.232818603516	-1314.1832275391
52.357776641846	-1310.3377685547
52.482734680176	-1306.4924316406
52.607696533203	-1302.6000976562
52.732654571533	-1298.6330566406
52.857612609863	-1294.6660156250
52.982570648193	-1290.6989746094
53.107528686523	-1286.7318115234
53.232490539551	-1282.7567138672
53.357448577881	-1278.6536865234
53.482406616211	-1274.5505371094
53.607364654541	-1270.4475097656
53.732326507568	-1266.3442382812
53.857284545898	-1262.2410888672
53.982242584229	-1258.0439453125
54.107200622559	-1253.8122558594
54.232162475586	-1249.5803222656
54.357116699219	-1245.3487548828
54.482078552246	-1241.1169433594
54.607040405273	-1236.8350830078
54.731994628906	-1232.4803466797
54.856956481934	-1228.1252441406
54.981918334961	-1223.7702636719
55.106872558594	-1219.4154052734
55.231826782227	-1215.0509033203
55.356796264648	-1210.5729980469
55.481750488281	-1206.0958251953
55.606704711914	-1201.6185302734
55.731666564941	-1197.1409912109
55.856628417969	-1192.6634521484
55.981582641602	-1188.0983886719
56.106544494629	-1183.5043945312
56.231506347656	-1178.9104003906
56.356460571289	-1174.3166503906
56.481422424316	-1169.7226562500
56.606384277344	-1165.0765380859
56.731338500977	-1160.3612060547
56.856292724609	-1155.6457519531
56.981254577637	-1150.9300537109
57.106216430664	-1146.2143554688
57.231170654297	-1141.4876708984
57.356132507324	-1136.6622314453
57.481094360352	-1131.8366699219
57.606048583984	-1127.0113525391
57.731010437012	-1122.1859130859
57.855972290039	-1117.3603515625
57.980926513672	-1112.4398193359
58.105880737305	-1107.4919433594
58.230850219727	-1102.5433349609
58.355804443359	-1097.5953369141
58.480758666992	-1092.6474609375
58.605720520020	-1087.6519775391
58.730682373047	-1082.5988769531
58.855636596680	-1077.5460205078
58.980598449707	-1072.4929199219
59.105560302734	-1067.4398193359
59.230514526367	-1062.3742675781
59.355476379395	-1057.2192382812
59.480438232422	-1052.0642089844
59.605392456055	-1046.9094238281
59.730346679688	-1041.7546386719
59.855316162109	-1036.5993652344
59.980270385742	-1031.3574218750
60.105224609375	-1026.0933837891
60.230186462402	-1020.8291625977
60.355148315430	-1015.5648803711
60.480102539062	-1010.3009033203
60.605064392090	-1004.9870605469
60.730026245117	-999.61779785156
60.854980468750	-994.24877929688
60.979942321777	-988.87951660156
61.104904174805	-983.51019287109
61.229858398438	-978.12780761719
61.354812622070	-972.66693115234
61.479782104492	-967.20532226562
61.604736328125	-961.74444580078
61.729690551758	-956.28350830078
61.854652404785	-950.82226562500
61.979614257812	-945.28112792969
62.104568481445	-939.72271728516
62.229530334473	-934.16400146484
62.354492187500	-928.60528564453
62.479446411133	-923.04693603516
62.604408264160	-917.44146728516
62.729370117188	-911.78814697266
62.854324340820	-906.13519287109
62.979278564453	-900.48223876953
63.104240417480	-894.82897949219
63.229202270508	-889.16058349609
63.354156494141	-883.41778564453
63.479118347168	-877.67474365234
63.604080200195	-871.93164062500
63.729034423828	-866.18884277344
63.853996276855	-860.44573974609
63.978958129883	-854.63507080078
64.103912353516	-848.81207275391
64.228874206543	-842.98870849609
64.353828430176	-837.16564941406
64.478790283203	-831.34228515625
64.603752136230	-825.47192382812
64.728706359863	-819.55786132812
64.853668212891	-813.64337158203
64.978622436523	-807.72930908203
65.103584289551	-801.81481933594
65.228546142578	-795.88610839844
65.353500366211	-789.89685058594
65.478462219238	-783.90722656250
65.603416442871	-777.91796875000
65.728378295898	-771.92840576172
65.853340148926	-765.93878173828
65.978294372559	-759.87695312500
66.103256225586	-753.80334472656
66.228218078613	-747.72973632812
66.353172302246	-741.65649414062
66.478134155273	-735.58288574219
66.603088378906	-729.47216796875
66.728050231934	-723.32897949219
66.853012084961	-717.18572998047
66.977966308594	-711.04290771484
67.102928161621	-704.89971923828
67.227882385254	-698.74200439453
67.352844238281	-692.52856445312
67.477806091309	-686.31518554688
67.602760314941	-680.10217285156
67.727722167969	-673.88873291016
67.852676391602	-667.67572021484
67.977638244629	-661.40655517578
68.102600097656	-655.13024902344
68.227554321289	-648.85430908203
68.352516174316	-642.57800292969
68.477478027344	-636.30169677734
68.602432250977	-629.98297119141
68.727394104004	-623.63031005859
68.852348327637	-617.27801513672
68.977310180664	-610.92535400391
69.102272033691	-604.57269287109
69.227226257324	-598.20935058594
69.352188110352	-591.80938720703
69.477142333984	-585.40979003906
69.602104187012	-579.00982666016
69.727066040039	-572.60986328125
69.852020263672	-566.21032714844
69.976982116699	-559.75152587891
70.101943969727	-553.28674316406
70.226898193359	-546.82238769531
70.351860046387	-540.35766601562
70.476814270020	-533.89331054688
70.601776123047	-527.39862060547
70.726737976074	-520.88250732422
70.851692199707	-514.36676025391
70.976654052734	-507.85058593750
71.101608276367	-501.33486938477
71.226570129395	-494.80636596680
71.351531982422	-488.24197387695
71.476486206055	-481.67800903320
71.601448059082	-475.11361694336
71.726402282715	-468.54965209961
71.851364135742	-461.98529052734
71.976325988770	-455.37161254883
72.101280212402	-448.75469970703
72.226242065430	-442.13735961914
72.351203918457	-435.52001953125
72.476158142090	-428.90307617188
72.601119995117	-422.26473999023
72.726074218750	-415.61309814453
72.851036071777	-408.96102905273
72.975997924805	-402.30899047852
73.100952148438	-395.65731811523
73.225914001465	-388.99334716797
73.350868225098	-382.29895019531
73.475830078125	-375.60409545898
73.600791931152	-368.90927124023
73.725746154785	-362.21484375000
73.850708007812	-355.52001953125
73.975662231445	-348.78808593750
74.100624084473	-342.05383300781
74.225585937500	-335.31961059570
74.350540161133	-328.58578491211
74.475502014160	-321.85156250000
74.600463867188	-315.10202026367
74.725418090820	-308.34378051758
74.850379943848	-301.58514404297
74.975334167480	-294.82690429688
75.100296020508	-288.06823730469
75.225257873535	-281.29986572266
75.350212097168	-274.50927734375
75.475173950195	-267.71826171875
75.600128173828	-260.92764282227
75.725090026855	-254.13662719727
75.850051879883	-247.34559631348
75.975006103516	-240.53077697754
76.099967956543	-233.71490478516
76.224929809570	-226.89903259277
76.349884033203	-220.08357238770
76.474845886230	-213.26770019531
76.599800109863	-206.43753051758
76.724761962891	-199.59896850586
76.849723815918	-192.76040649414
76.974678039551	-185.92225646973
77.099639892578	-179.08369445801
77.224594116211	-172.24087524414
77.349555969238	-165.38781738281
77.474517822266	-158.53477478027
77.599472045898	-151.68214416504
77.724433898926	-144.82908630371
77.849388122559	-137.97647094727
77.974349975586	-131.10348510742
78.099311828613	-124.23043823242
78.224266052246	-117.35781097412
78.349227905273	-110.48476409912
78.474189758301	-103.61172485352
78.599143981934	-96.737251281738
78.724105834961	-89.861450195312
78.849060058594	-82.986076354980
78.974021911621	-76.110275268555
79.098983764648	-69.234481811523
79.223937988281	-62.356006622314
79.348899841309	-55.471229553223
79.473854064941	-48.586868286133
79.598815917969	-41.702087402344
79.723777770996	-34.817306518555
79.848731994629	-27.932846069336
79.973693847656	-21.042469024658
80.098648071289	-14.152513504028
80.223609924316	-7.2621383666992
80.348571777344	-0.37176132202148
80.473526000977	6.5181961059570
80.598487854004	13.407903671265
80.723449707031	20.297317504883
80.848403930664	27.186311721802
80.973365783691	34.075725555420
81.098320007324	40.964717864990
81.223281860352	47.851924896240
81.348243713379	54.735317230225
81.473197937012	61.618286132812
81.598159790039	68.501678466797
81.723114013672	75.384651184082
81.848075866699	82.267677307129
81.973037719727	89.142127990723
82.097991943359	96.016151428223
82.222953796387	102.89059448242
82.347915649414	109.76504516602
82.472869873047	116.63906860352
82.597831726074	123.50450134277
82.722785949707	130.36590576172
82.847747802734	137.22773742676
82.972709655762	144.08955383301
83.097663879395	150.95097351074
83.222625732422	157.80609130859
83.347579956055	164.65025329590
83.472541809082	171.49482727051
83.597503662109	178.33941650391
83.722457885742	185.18356323242
83.847419738770	192.02731323242
83.972373962402	198.85813903809
84.097335815430	205.68937683105
84.222297668457	212.52061462402
84.347251892090	219.35144042969
84.472213745117	226.18267822266
84.597175598145	232.99133300781
84.722129821777	239.79148864746
84.847091674805	246.59207153320
84.972045898438	253.39224243164
85.097007751465	260.19281005859
85.221969604492	266.98651123047
85.346923828125	273.76992797852
85.471885681152	280.55371093750
85.596839904785	287.33712768555
85.721801757812	294.12094116211
85.846763610840	300.90136718750
85.971717834473	307.64508056641
86.096679687500	314.38919067383
86.221633911133	321.13287353516
86.346595764160	327.87698364258
86.471557617188	334.62109375000
86.596511840820	341.34106445312
86.721473693848	348.05392456055
86.846435546875	354.76675415039
86.971389770508	361.47918701172
87.096351623535	368.19201660156
87.221305847168	374.89001464844
87.346267700195	381.56954956055
87.471229553223	388.24905395508
87.596183776855	394.92816162109
87.721145629883	401.60766601562
87.846099853516	408.28167724609
87.971061706543	414.91336059570
88.096023559570	421.54507446289
88.220977783203	428.17639160156
88.345939636230	434.80810546875
88.470901489258	441.43981933594
88.595855712891	448.04055786133
88.720817565918	454.63308715820
88.845771789551	461.22525024414
88.970733642578	467.81777954102
89.095695495605	474.41033935547
89.220649719238	480.98135375977
89.345611572266	487.52737426758
89.470565795898	494.07302856445
89.595527648926	500.61904907227
89.720489501953	507.16510009766
89.845443725586	513.70330810547
89.970405578613	520.19183349609
90.095359802246	526.67987060547
90.220321655273	533.16839599609
90.345283508301	539.65686035156
90.470237731934	546.14495849609
90.595199584961	552.59222412109
90.720161437988	559.02935791016
90.845115661621	565.46612548828
90.970077514648	571.90325927734
91.095031738281	578.34002685547
91.219993591309	584.74810791016
91.344955444336	591.12432861328
91.469909667969	597.50018310547
91.594871520996	603.87640380859
91.719825744629	610.25219726562
91.844787597656	616.61950683594
91.969749450684	622.93627929688
92.094703674316	629.25274658203
92.219665527344	635.56951904297
92.344619750977	641.88598632812
92.469581604004	648.20275878906
92.594543457031	654.46057128906
92.719497680664	660.70544433594
92.844459533691	666.95068359375
92.969421386719	673.19592285156
93.094375610352	679.44073486328
93.219337463379	685.65643310547
93.344291687012	691.84210205078
93.469253540039	698.02813720703
93.594215393066	704.21417236328
93.719169616699	710.39978027344
93.844131469727	716.57183837891
93.969085693359	722.67663574219
94.094047546387	728.78179931641
94.219009399414	734.88696289062
94.343963623047	740.99182128906
94.468925476074	747.09698486328
94.593887329102	753.14233398438
94.718841552734	759.17651367188
94.843803405762	765.21105957031
94.968757629395	771.24523925781
95.093719482422	777.27972412109
95.218681335449	783.27221679688
95.343635559082	789.22564697266
95.468597412109	795.17944335938
95.593551635742	801.13287353516
95.718513488770	807.08660888672
95.843475341797	813.02447509766
95.968429565430	818.89605712891
96.093391418457	824.76806640625
96.218345642090	830.63964843750
96.343307495117	836.51165771484
96.468269348145	842.38360595703
96.593223571777	848.18395996094
96.718185424805	853.97393798828
96.843147277832	859.76391601562
96.968101501465	865.55352783203
97.093063354492	871.34350585938
97.218017578125	877.08392333984
97.342979431152	882.78320312500
97.467941284180	888.48254394531
97.592895507812	894.18151855469
97.717857360840	899.88085937500
97.842811584473	905.56024169922
97.967773437500	911.16937255859
98.092735290527	916.77856445312
98.217689514160	922.38739013672
98.342651367188	927.99652099609
98.467605590820	933.60534667969
98.592567443848	939.12969970703
98.717529296875	944.64373779297
98.842483520508	950.15740966797
98.967445373535	955.67138671875
99.092407226562	961.18536376953
99.217361450195	966.64453125000
99.342323303223	972.06201171875
99.467277526855	977.47912597656
99.592239379883	982.89660644531
99.717201232910	988.31408691406
99.842155456543	993.70684814453
99.967117309570	999.02227783203
100.09207153320	1004.3373413086
100.21703338623	1009.6527709961
100.34199523926	1014.9682006836
100.46694946289	1020.2833251953
100.59191131592	1025.5101318359
100.71687316895	1030.7285156250
100.84182739258	1035.9466552734
100.96678924561	1041.1650390625
101.09174346924	1046.3831787109
101.21670532227	1051.5354003906
101.34166717529	1056.6412353516
101.46662139893	1061.7468261719
101.59158325195	1066.8526611328
101.71653747559	1071.9582519531
101.84149932861	1077.0378417969
101.96646118164	1082.0435791016
102.09141540527	1087.0490722656
102.21637725830	1092.0546875000
102.34133148193	1097.0601806641
102.46629333496	1102.0659179688
102.59125518799	1106.9573974609
102.71620941162	1111.8405761719
102.84117126465	1116.7241210938
102.96613311768	1121.6076660156
103.09108734131	1126.4909667969
103.21604919434	1131.3099365234
103.34100341797	1136.0871582031
103.46596527100	1140.8647460938
103.59092712402	1145.6423339844
103.71588134766	1150.4195556641
103.84084320068	1155.1621093750
103.96579742432	1159.8156738281
104.09075927734	1164.4694824219
104.21572113037	1169.1232910156
104.34067535400	1173.7769775391
104.46563720703	1178.4307861328
104.59059143066	1182.9825439453
104.71555328369	1187.5300292969
104.84051513672	1192.0775146484
104.96546936035	1196.6247558594
105.09043121338	1201.1722412109
105.21539306641	1205.6346435547
105.34034729004	1210.0469970703
105.46530914307	1214.4595947266
105.59026336670	1218.8719482422
105.71522521973	1223.2845458984
105.84018707275	1227.6625976562
105.96514129639	1231.9616699219
106.09010314941	1236.2609863281
106.21505737305	1240.5600585938
106.34001922607	1244.8593750000
106.46498107910	1249.1586914062
106.58993530273	1253.3277587891
106.71489715576	1257.4943847656
106.83985900879	1261.6610107422
106.96481323242	1265.8273925781
107.08977508545	1269.9938964844
107.21472930908	1274.0802001953
107.33969116211	1278.1243896484
107.46465301514	1282.1684570312
107.58960723877	1286.2122802734
107.71456909180	1290.2563476562
107.83952331543	1294.2562255859
107.96448516846	1298.1660156250
108.08944702148	1302.0756835938
108.21440124512	1305.9851074219
108.33936309814	1309.8948974609
108.46431732178	1313.8041992188
108.58927917480	1317.5836181641
108.71424102783	1321.3630371094
108.83919525146	1325.1422119141
108.96415710449	1328.9216308594
109.08911895752	1332.7009277344
109.21407318115	1336.3884277344
109.33903503418	1340.0319824219
109.46398925781	1343.6754150391
109.58895111084	1347.3189697266
109.71391296387	1350.9625244141
109.83886718750	1354.5579833984
109.96382904053	1358.0640869141
110.08878326416	1361.5700683594
110.21374511719	1365.0762939453
110.33870697021	1368.5825195312
110.46366119385	1372.0853271484
110.58862304688	1375.4545898438
110.71358489990	1378.8238525391
110.83853912354	1382.1928710938
110.96350097656	1385.5621337891
111.08845520020	1388.9311523438
111.21341705322	1392.2041015625
111.33837890625	1395.4353027344
111.46333312988	1398.6662597656
111.58829498291	1401.8974609375
111.71324920654	1405.1284179688
111.83821105957	1408.3078613281
111.96317291260	1411.3994140625
112.08812713623	1414.4908447266
112.21308898926	1417.5825195312
112.33804321289	1420.6739501953
112.46300506592	1423.7587890625
112.58796691895	1426.6988525391
112.71292114258	1429.6386718750
112.83788299561	1432.5788574219
112.96284484863	1435.5189208984
113.08779907227	1438.4588623047
113.21276092529	1441.2983398438
113.33771514893	1444.0985107422
113.46267700195	1446.8988037109
113.58763885498	1449.6990966797
113.71259307861	1452.4992675781
113.83755493164	1455.2401123047
113.96250915527	1457.8891601562
114.08747100830	1460.5383300781
114.21243286133	1463.1875000000
114.33738708496	1465.8365478516
114.46234893799	1468.4760742188
114.58730316162	1470.9819335938
114.71226501465	1473.4880371094
114.83722686768	1475.9940185547
114.96218109131	1478.4998779297
115.08714294434	1481.0059814453
115.21210479736	1483.4013671875
115.33705902100	1485.7580566406
115.46202087402	1488.1148681641
115.58697509766	1490.4715576172
115.71193695068	1492.8283691406
115.83689880371	1495.1214599609
115.96185302734	1497.3248291016
116.08681488037	1499.5284423828
116.21176910400	1501.7318115234
116.33673095703	1503.9353027344
116.46169281006	1506.1252441406
116.58664703369	1508.1768798828
116.71160888672	1510.2286376953
116.83657073975	1512.2802734375
116.96152496338	1514.3319091797
117.08648681641	1516.3836669922
117.21144104004	1518.3194580078
117.33640289307	1520.2196044922
117.46136474609	1522.1197509766
117.58631896973	1524.0197753906
117.71128082275	1525.9199218750
117.83623504639	1527.7539062500
117.96119689941	1529.5030517578
118.08615112305	1531.2520751953
118.21112060547	1533.0013427734
118.33607482910	1534.7503662109
118.46102905273	1536.4810791016
118.58599853516	1538.0664062500
118.71095275879	1539.6514892578
118.83590698242	1541.2365722656
118.96087646484	1542.8218994141
119.08583068848	1544.4071044922
119.21078491211	1545.8756103516
119.33575439453	1547.3126220703
119.46069335938	1548.7492675781
119.58566284180	1550.1861572266
119.71063232422	1551.6231689453
119.83557128906	1552.9866943359
119.96054077148	1554.2645263672
120.08549499512	1555.5423583984
120.21044921875	1556.8200683594
120.33541870117	1558.0979003906
120.46037292480	1559.3548583984
120.58532714844	1560.4768066406
120.71029663086	1561.5988769531
120.83525085449	1562.7207031250
120.96020507812	1563.8426513672
121.08517456055	1564.9647216797
121.21012878418	1565.9570312500
121.33508300781	1566.9184570312
121.46005249023	1567.8800048828
121.58500671387	1568.8414306641
121.70996093750	1569.8028564453
121.83493041992	1570.6896972656
121.95988464355	1571.4959716797
122.08483886719	1572.3021240234
122.20980834961	1573.1085205078
122.33474731445	1573.9146728516
122.45971679688	1574.6966552734
122.58468627930	1575.3466796875
122.70962524414	1575.9965820312
122.83459472656	1576.6466064453
122.95956420898	1577.2966308594
123.08450317383	1577.9464111328
123.20947265625	1578.4600830078
123.33442687988	1578.9455566406
123.45938110352	1579.4310302734
123.58435058594	1579.9166259766
123.70930480957	1580.4022216797
123.83425903320	1580.8085937500
123.95922851562	1581.1369628906
124.08418273926	1581.4653320312
124.20913696289	1581.7937011719
124.33410644531	1582.1220703125
124.45906066895	1582.4219970703
124.58401489258	1582.5905761719
124.70898437500	1582.7591552734
124.83393859863	1582.9277343750
124.95889282227	1583.0961914062
125.08386230469	1583.2647705078
125.20881652832	1583.3011474609
125.33377075195	1583.3144531250
125.45874023438	1583.3278808594
125.58367919922	1583.3411865234
125.70864868164	1583.3544921875
125.83361816406	1583.2814941406
125.95855712891	1583.1306152344
126.08352661133	1582.9797363281
126.20848083496	1582.8288574219
126.33343505859	1582.6778564453
126.45840454102	1582.4954833984
126.58335876465	1582.1868896484
126.70831298828	1581.8782958984
126.83328247070	1581.5697021484
126.95823669434	1581.2611083984
127.08319091797	1580.9525146484
127.20816040039	1580.5014648438
127.33311462402	1580.0297851562
127.45806884766	1579.5581054688
127.58303833008	1579.0864257812
127.70799255371	1578.6147460938
127.83294677734	1578.0587158203
127.95791625977	1577.4328613281
128.08287048340	1576.8071289062
128.20782470703	1576.1813964844
128.33277893066	1575.5556640625
128.45774841309	1574.8940429688
128.58270263672	1574.1068115234
128.70765686035	1573.3194580078
128.83262634277	1572.5321044922
128.95758056641	1571.7448730469
129.08253479004	1570.9576416016
129.20750427246	1570.0279541016
129.33245849609	1569.0819091797
129.45741271973	1568.1358642578
129.58236694336	1567.1898193359
129.70733642578	1566.2436523438
129.83229064941	1565.2076416016
129.95724487305	1564.1037597656
130.08221435547	1562.9996337891
130.20716857910	1561.8957519531
130.33212280273	1560.7917480469
130.45709228516	1559.6500244141
130.58204650879	1558.3914794922
130.70700073242	1557.1329345703
130.83197021484	1555.8742675781
130.95692443848	1554.6157226562
131.08187866211	1553.3571777344
131.20683288574	1551.9508056641
131.33180236816	1550.5310058594
131.45675659180	1549.1114501953
131.58171081543	1547.6917724609
131.70668029785	1546.2719726562
131.83163452148	1544.7636718750
131.95658874512	1543.1942138672
132.08155822754	1541.6245117188
132.20651245117	1540.0550537109
132.33146667480	1538.4855957031
132.45643615723	1536.8732910156
132.58139038086	1535.1435546875
132.70634460449	1533.4138183594
132.83129882812	1531.6840820312
132.95626831055	1529.9541015625
133.08122253418	1528.2242431641
133.20617675781	1526.3530273438
133.33114624023	1524.4725341797
133.45610046387	1522.5922851562
133.58105468750	1520.7120361328
133.70602416992	1518.8316650391
133.83097839355	1516.8552246094
133.95593261719	1514.8184814453
134.08090209961	1512.7814941406
134.20585632324	1510.7446289062
134.33081054688	1508.7078857422
134.45576477051	1506.6290283203
134.58073425293	1504.4460449219
134.70568847656	1502.2633056641
134.83064270020	1500.0805664062
134.95561218262	1497.8974609375
135.08056640625	1495.7147216797
135.20552062988	1493.3830566406
135.33049011230	1491.0452880859
135.45544433594	1488.7077636719
135.58039855957	1486.3701171875
135.70535278320	1484.0325927734
135.83032226562	1481.5971679688
135.95527648926	1479.1060791016
136.08023071289	1476.6149902344
136.20520019531	1474.1236572266
136.33015441895	1471.6325683594
136.45510864258	1469.0980224609
136.58007812500	1466.4663085938
136.70503234863	1463.8349609375
136.82998657227	1461.2034912109
136.95495605469	1458.5717773438
137.07991027832	1455.9404296875
137.20486450195	1453.1577148438
137.32981872559	1450.3725585938
137.45478820801	1447.5871582031
137.57974243164	1444.8020019531
137.70469665527	1442.0168457031
137.82966613770	1439.1400146484
137.95462036133	1436.2159423828
138.07957458496	1433.2919921875
138.20454406738	1430.3676757812
138.32949829102	1427.4436035156
138.45445251465	1424.4711914062
138.57942199707	1421.4007568359
138.70437622070	1418.3308105469
138.82933044434	1415.2608642578
138.95428466797	1412.1909179688
139.07925415039	1409.1196289062
139.20420837402	1405.9058837891
139.32916259766	1402.6922607422
139.45413208008	1399.4781494141
139.57908630371	1396.2644042969
139.70404052734	1393.0506591797
139.82901000977	1389.7423095703
139.95396423340	1386.3898925781
140.07891845703	1383.0374755859
140.20388793945	1379.6846923828
140.32884216309	1376.3322753906
140.45379638672	1372.9307861328
140.57875061035	1369.4396972656
140.70372009277	1365.9483642578
140.82867431641	1362.4572753906
140.95362854004	1358.9663085938
141.07859802246	1355.4709472656
141.20355224609	1351.8416748047
141.32850646973	1348.2124023438
141.45347595215	1344.5826416016
141.57843017578	1340.9533691406
141.70338439941	1337.3240966797
141.82833862305	1333.6032714844
141.95330810547	1329.8432617188
142.07826232910	1326.0836181641
142.20321655273	1322.3239746094
142.32818603516	1318.5639648438
142.45314025879	1314.7526855469
142.57809448242	1310.8557128906
142.70306396484	1306.9582519531
142.82801818848	1303.0612792969
142.95297241211	1299.1644287109
143.07794189453	1295.2606201172
143.20289611816	1291.2376708984
143.32785034180	1287.2147216797
143.45280456543	1283.1917724609
143.57777404785	1279.1682128906
143.70272827148	1275.1452636719
143.82768249512	1271.0260009766
143.95265197754	1266.8695068359
144.07760620117	1262.7136230469
144.20256042480	1258.5576171875
144.32752990723	1254.4011230469
144.45248413086	1250.1950683594
144.57743835449	1245.9133300781
144.70240783691	1241.6311035156
144.82736206055	1237.3493652344
144.95231628418	1233.0676269531
145.07727050781	1228.7770996094
145.20223999023	1224.3717041016
145.32719421387	1219.9667968750
145.45214843750	1215.5620117188
145.57711791992	1211.1566162109
145.70207214355	1206.7517089844
145.82702636719	1202.2534179688
145.95199584961	1197.7227783203
146.07695007324	1193.1926269531
146.20190429688	1188.6625976562
146.32687377930	1184.1319580078
146.45182800293	1179.5560302734
146.57678222656	1174.9171142578
146.70173645020	1170.2780761719
146.82670593262	1165.6385498047
146.95166015625	1160.9996337891
147.07661437988	1156.3488769531
147.20158386230	1151.5853271484
147.32653808594	1146.8223876953
147.45149230957	1142.0594482422
147.57646179199	1137.2958984375
147.70141601562	1132.5328369141
147.82637023926	1127.6835937500
147.95132446289	1122.8083496094
148.07629394531	1117.9323730469
148.20124816895	1113.0571289062
148.32620239258	1108.1818847656
148.45117187500	1103.2561035156
148.57612609863	1098.2680664062
148.70108032227	1093.2801513672
148.82604980469	1088.2915039062
148.95100402832	1083.3034667969
149.07595825195	1078.3034667969
149.20092773438	1073.2111816406
149.32588195801	1068.1193847656
149.45083618164	1063.0277099609
149.57579040527	1057.9360351562
149.70075988770	1052.8437500000
149.82571411133	1047.6627197266
149.95066833496	1042.4580078125
150.07563781738	1037.2528076172
150.20059204102	1032.0480957031
150.32554626465	1026.8433837891
150.45051574707	1021.5906372070
150.57546997070	1016.2836914062
150.70042419434	1010.9767456055
150.82539367676	1005.6691894531
150.95034790039	1000.3622436523
151.07530212402	995.04187011719
151.20025634766	989.63787841797
151.32522583008	984.23321533203
151.45018005371	978.82928466797
151.57513427734	973.42529296875
151.70010375977	968.02062988281
151.82505798340	962.53692626953
151.95001220703	957.03472900391
152.07498168945	951.53192138672
152.19993591309	946.02978515625
152.32489013672	940.52764892578
152.44985961914	934.97796630859
152.57481384277	929.37939453125
152.69976806641	923.78088378906
152.82472229004	918.18231201172
152.94969177246	912.58306884766
153.07464599609	906.96997070312
153.19960021973	901.28057861328
153.32456970215	895.59045410156
153.44952392578	889.90106201172
153.57447814941	884.21160888672
153.69944763184	878.52148437500
153.82440185547	872.75836181641
153.94935607910	866.98059082031
154.07431030273	861.20281982422
154.19927978516	855.42431640625
154.32423400879	849.64654541016
154.44918823242	843.82525634766
154.57415771484	837.96118164062
154.69911193848	832.09783935547
154.82406616211	826.23449707031
154.94903564453	820.37042236328
155.07398986816	814.49188232422
155.19894409180	808.54522705078
155.32391357422	802.59783935547
155.44886779785	796.65118408203
155.57382202148	790.70458984375
155.69877624512	784.75793457031
155.82374572754	778.74719238281
155.94869995117	772.72662353516
156.07365417480	766.70605468750
156.19862365723	760.68469238281
156.32357788086	754.66412353516
156.44853210449	748.60211181641
156.57350158691	742.50262451172
156.69845581055	736.40386962891
156.82341003418	730.30511474609
156.94837951660	724.20562744141
157.07333374023	718.09130859375
157.19828796387	711.91668701172
157.32324218750	705.74200439453
157.44821166992	699.56658935547
157.57316589355	693.39190673828
157.69812011719	687.21722412109
157.82308959961	680.98242187500
157.94804382324	674.74011230469
158.07299804688	668.49780273438
158.19796752930	662.25469970703
158.32292175293	656.01239013672
158.44787597656	649.73449707031
158.57284545898	643.42700195312
158.69779968262	637.12030029297
158.82275390625	630.81359863281
158.94770812988	624.50683593750
159.07267761230	618.18530273438
159.19763183594	611.81658935547
159.32258605957	605.44787597656
159.44755554199	599.07836914062
159.57250976562	592.70959472656
159.69746398926	586.34088134766
159.82243347168	579.91632080078
159.94738769531	573.48645019531
160.07234191895	567.05664062500
160.19729614258	560.62677001953
160.32226562500	554.19616699219
160.44721984863	547.73614501953
160.57217407227	541.25372314453
160.69714355469	534.77056884766
160.82209777832	528.28820800781
160.94705200195	521.80584716797
161.07202148438	515.30926513672
161.19697570801	508.77288818359
161.32192993164	502.23651123047
161.44689941406	495.69934082031
161.57185363770	489.16296386719
161.69680786133	482.62655639648
161.82176208496	476.04519653320
161.94673156738	469.45922851562
162.07168579102	462.87408447266
162.19664001465	456.28894042969
162.32160949707	449.70300292969
162.44656372070	443.08975219727
162.57151794434	436.45748901367
162.69648742676	429.82443237305
162.82144165039	423.19216918945
162.94639587402	416.55993652344
163.07136535645	409.91638183594
163.19631958008	403.24542236328
163.32127380371	396.57443237305
163.44622802734	389.90347290039
163.57119750977	383.23165893555
163.69615173340	376.56069946289
163.82110595703	369.85281372070
163.94607543945	363.14196777344
164.07102966309	356.43191528320
164.19598388672	349.72186279297
164.32095336914	343.01101684570
164.44590759277	336.28253173828
164.57086181641	329.54269409180
164.69583129883	322.80203247070
164.82078552246	316.06219482422
164.94573974609	309.32238769531
165.07069396973	302.57135009766
165.19566345215	295.79244995117
165.32061767578	289.01437377930
165.44557189941	282.23629760742
165.57054138184	275.45739746094
165.69549560547	268.67932128906
165.82044982910	261.87933349609
165.94541931152	255.07775878906
166.07037353516	248.27700805664
166.19532775879	241.47625732422
166.32028198242	234.67550659180
166.44525146484	227.85906982422
166.57020568848	221.03515625000
166.69515991211	214.21122741699
166.82012939453	207.38647460938
166.94508361816	200.56256103516
167.07003784180	193.73127746582
167.19500732422	186.88314819336
167.31996154785	180.03584289551
167.44491577148	173.18853759766
167.56988525391	166.34039306641
167.69483947754	159.49310302734
167.81979370117	152.63406372070
167.94474792480	145.77488708496
168.06971740723	138.91488647461
168.19467163086	132.05572509766
168.31962585449	125.19654846191
168.44459533691	118.32543945312
168.56954956055	111.44950866699
168.69450378418	104.57358551025
168.81947326660	97.696823120117
168.94442749023	90.820892333984
169.06938171387	83.943367004395
169.19435119629	77.061828613281
169.31930541992	70.181137084961
169.44425964355	63.300445556641
169.56921386719	56.419754028320
169.69418334961	49.538169860840
169.81913757324	42.652763366699
169.94409179688	35.767353057861
170.06906127930	28.881103515625
170.19401550293	21.995695114136
170.31896972656	15.110286712646
170.44393920898	8.2196254730225
170.56889343262	1.3277778625488
170.69384765625	-5.5640697479248
170.81881713867	-12.456758499146
170.94377136230	-19.348606109619
171.06872558594	-26.237945556641
171.19367980957	-33.122798919678
171.31864929199	-40.008491516113
171.44360351562	-46.893344879150
171.56855773926	-53.778198242188
171.69352722168	-60.663722991943
171.81848144531	-67.543418884277
171.94343566895	-74.423110961914
172.06840515137	-81.303649902344
172.19335937500	-88.183341979980
172.31831359863	-95.063041687012
172.44326782227	-101.93598175049
172.56823730469	-108.80696105957
172.69319152832	-115.67709350586
172.81814575195	-122.54723358154
172.94311523438	-129.41821289062
173.06806945801	-136.28202819824
173.19302368164	-143.13555908203
173.31799316406	-149.98992919922
173.44294738770	-156.84346008301
173.56790161133	-163.69699096680
173.69287109375	-170.55070495605
173.81782531738	-177.39224243164
173.94277954102	-184.23379516602
174.06773376465	-191.07534790039
174.19270324707	-197.91772460938
174.31765747070	-204.75927734375
174.44261169434	-211.58358764648
174.56758117676	-218.40231323242
174.69253540039	-225.22021484375
174.81748962402	-232.03810119629
174.94245910645	-238.85684204102
175.06741333008	-245.66600036621
175.19236755371	-252.46220397949
175.31733703613	-259.25924682617
175.44229125977	-266.05545043945
175.56724548340	-272.85168457031
175.69219970703	-279.64547729492
175.81716918945	-286.41128540039
175.94212341309	-293.17623901367
176.06707763672	-299.94122314453
176.19204711914	-306.70700073242
176.31700134277	-313.47198486328
176.44195556641	-320.21426391602
176.56692504883	-326.94989013672
176.69187927246	-333.68466186523
176.81683349609	-340.41943359375
176.94180297852	-347.15502929688
177.06675720215	-353.87487792969
177.19171142578	-360.57455444336
177.31666564941	-367.27423095703
177.44163513184	-373.97470092773
177.56658935547	-380.67434692383
177.69154357910	-387.37005615234
177.81651306152	-394.03054809570
177.94146728516	-400.69018554688
178.06642150879	-407.34985351562
178.19139099121	-414.01034545898
178.31634521484	-420.67001342773
178.44129943848	-427.29745483398
178.56625366211	-433.91543579102
178.69122314453	-440.53421020508
178.81617736816	-447.15219116211
178.94113159180	-453.77017211914
179.06610107422	-460.36871337891
179.19105529785	-466.94146728516
179.31600952148	-473.51419067383
179.44097900391	-480.08770751953
179.56593322754	-486.66046142578
179.69088745117	-493.22668457031
179.81585693359	-499.74667358398
179.94081115723	-506.26586914062
180.06576538086	-512.78503417969
180.19071960449	-519.30419921875
180.31568908691	-525.82421875000
180.44064331055	-532.30468750000
180.56559753418	-538.77520751953
180.69056701660	-545.24652099609
180.81552124023	-551.71710205078
180.94047546387	-558.18762207031
181.06544494629	-564.63153076172
181.19039916992	-571.04364013672
181.31535339355	-577.45574951172
181.44032287598	-583.86865234375
181.56527709961	-590.28076171875
181.69023132324	-596.68457031250
181.81518554688	-603.03833007812
181.94015502930	-609.39282226562
182.06510925293	-615.74658203125
182.19006347656	-622.10034179688
182.31503295898	-628.45489501953
182.43998718262	-634.75299072266
182.56494140625	-641.03857421875
182.68991088867	-647.32489013672
182.81486511230	-653.61047363281
182.93981933594	-659.89605712891
183.06478881836	-666.15112304688
183.18974304199	-672.37298583984
183.31469726562	-678.59484863281
183.43965148926	-684.81671142578
183.56462097168	-691.03936767578
183.68957519531	-697.24969482422
183.81452941895	-703.40148925781
183.93949890137	-709.55407714844
184.06445312500	-715.70593261719
184.18940734863	-721.85772705078
184.31437683105	-728.01031494141
184.43933105469	-734.10070800781
184.56428527832	-740.17926025391
184.68923950195	-746.25787353516
184.81420898438	-752.33715820312
184.93916320801	-758.41577148438
185.06411743164	-764.45507812500
185.18908691406	-770.45794677734
185.31404113770	-776.46002197266
185.43899536133	-782.46209716797
185.56396484375	-788.46496582031
185.68891906738	-794.45196533203
185.81387329102	-800.37341308594
185.93884277344	-806.29559326172
186.06379699707	-812.21704101562
186.18875122070	-818.13848876953
186.31370544434	-824.05999755859
186.43867492676	-829.90881347656
186.56362915039	-835.74511718750
186.68858337402	-841.58148193359
186.81355285645	-847.41845703125
186.93850708008	-853.25482177734
187.06346130371	-859.04858398438
187.18843078613	-864.80615234375
187.31338500977	-870.56304931641
187.43833923340	-876.31994628906
187.56330871582	-882.07751464844
187.68826293945	-887.81359863281
187.81321716309	-893.47113037109
187.93817138672	-899.12860107422
188.06314086914	-904.78680419922
188.18809509277	-910.44433593750
188.31304931641	-916.10186767578
188.43801879883	-921.68713378906
188.56297302246	-927.26208496094
188.68792724609	-932.83703613281
188.81289672852	-938.41265869141
188.93785095215	-943.98760986328
189.06280517578	-949.50659179688
189.18777465820	-954.98181152344
189.31272888184	-960.45635986328
189.43768310547	-965.93084716797
189.56263732910	-971.40539550781
189.68760681152	-976.85821533203
189.81256103516	-982.23577880859
189.93751525879	-987.61340332031
190.06248474121	-992.99169921875
190.18743896484	-998.36926269531
190.31239318848	-1003.7468872070
190.43736267090	-1009.0339355469
190.56231689453	-1014.3107910156
190.68727111816	-1019.5876464844
190.81222534180	-1024.8645019531
190.93719482422	-1030.1420898438
191.06214904785	-1035.3554687500
191.18710327148	-1040.5227050781
191.31207275391	-1045.6906738281
191.43702697754	-1050.8580322266
191.56198120117	-1056.0252685547
191.68695068359	-1061.1683349609
191.81190490723	-1066.2370605469
191.93685913086	-1071.3057861328
192.06182861328	-1076.3751220703
192.18678283691	-1081.4439697266
192.31173706055	-1086.5126953125
192.43669128418	-1091.4735107422
192.56166076660	-1096.4263916016
192.68661499023	-1101.3786621094
192.81156921387	-1106.3309326172
192.93653869629	-1111.2839355469
193.06149291992	-1116.1708984375
193.18644714355	-1121.0147705078
193.31141662598	-1125.8591308594
193.43637084961	-1130.7028808594
193.56132507324	-1135.5466308594
193.68629455566	-1140.3594970703
193.81124877930	-1145.0888671875
193.93620300293	-1149.8181152344
194.06115722656	-1154.5474853516
194.18612670898	-1159.2773437500
194.31108093262	-1164.0067138672
194.43603515625	-1168.6196289062
194.56100463867	-1173.2269287109
194.68595886230	-1177.8336181641
194.81091308594	-1182.4404296875
194.93588256836	-1187.0477294922
195.06083679199	-1191.5850830078
195.18579101562	-1196.0804443359
195.31076049805	-1200.5764160156
195.43571472168	-1205.0717773438
195.56066894531	-1209.5672607422
195.68562316895	-1214.0252685547
195.81059265137	-1218.3955078125
195.93554687500	-1222.7652587891
196.06050109863	-1227.1350097656
196.18547058105	-1231.5052490234
196.31042480469	-1235.8750000000
196.43537902832	-1240.1204833984
196.56034851074	-1244.3627929688
196.68530273438	-1248.6046142578
196.81025695801	-1252.8464355469
196.93521118164	-1257.0882568359
197.06018066406	-1261.2529296875
197.18513488770	-1265.3745117188
197.31008911133	-1269.4959716797
197.43505859375	-1273.6180419922
197.56001281738	-1277.7395019531
197.68496704102	-1281.8183593750
197.80993652344	-1285.8068847656
197.93489074707	-1289.7947998047
198.05984497070	-1293.7827148438
198.18481445312	-1297.7711181641
198.30976867676	-1301.7591552734
198.43472290039	-1305.6171875000
198.55967712402	-1309.4743652344
198.68464660645	-1313.3320312500
198.80960083008	-1317.1893310547
198.93455505371	-1321.0465087891
199.05952453613	-1324.8156738281
199.18447875977	-1328.5402832031
199.30943298340	-1332.2650146484
199.43440246582	-1335.9901123047
199.55935668945	-1339.7147216797
199.68431091309	-1343.3928222656
199.80928039551	-1346.9813232422
199.93423461914	-1350.5694580078
200.05918884277	-1354.1575927734
200.18414306641	-1357.7457275391
200.30911254883	-1361.3322753906
200.43406677246	-1364.7840576172
200.55902099609	-1368.2359619141
200.68399047852	-1371.6882324219
200.80894470215	-1375.1400146484
200.93389892578	-1378.5919189453
201.05886840820	-1381.9476318359
201.18382263184	-1385.2596435547
201.30877685547	-1388.5715332031
201.43374633789	-1391.8839111328
201.55870056152	-1395.1958007812
201.68365478516	-1398.4584960938
201.80860900879	-1401.6348876953
201.93357849121	-1404.8116455078
202.05853271484	-1407.9880371094
202.18348693848	-1411.1644287109
202.30845642090	-1414.3354492188
202.43341064453	-1417.3592529297
202.55836486816	-1420.3830566406
202.68333435059	-1423.4072265625
202.80828857422	-1426.4310302734
202.93324279785	-1429.4548339844
203.05819702148	-1432.3817138672
203.18316650391	-1435.2696533203
203.30812072754	-1438.1573486328
203.43307495117	-1441.0449218750
203.55804443359	-1443.9328613281
203.68299865723	-1446.7623291016
203.80795288086	-1449.4991455078
203.93292236328	-1452.2363281250
204.05787658691	-1454.9732666016
204.18283081055	-1457.7100830078
204.30780029297	-1460.4387207031
204.43275451660	-1463.0328369141
204.55770874023	-1465.6269531250
204.68266296387	-1468.2210693359
204.80763244629	-1470.8154296875
204.93258666992	-1473.4095458984
205.05754089355	-1475.8956298828
205.18251037598	-1478.3426513672
205.30746459961	-1480.7894287109
205.43241882324	-1483.2362060547
205.55738830566	-1485.6832275391
205.68234252930	-1488.0662841797
205.80729675293	-1490.3568115234
205.93226623535	-1492.6475830078
206.05722045898	-1494.9381103516
206.18217468262	-1497.2286376953
206.30712890625	-1499.5070800781
206.43209838867	-1501.6496582031
206.55705261230	-1503.7919921875
206.68200683594	-1505.9343261719
206.80697631836	-1508.0769042969
206.93193054199	-1510.2192382812
207.05688476562	-1512.2479248047
207.18185424805	-1514.2402343750
207.30680847168	-1516.2321777344
207.43176269531	-1518.2242431641
207.55673217773	-1520.2165527344
207.68168640137	-1522.1429443359
207.80664062500	-1523.9822998047
207.93159484863	-1525.8217773438
208.05656433105	-1527.6613769531
208.18151855469	-1529.5007324219
208.30647277832	-1531.3234863281
208.43144226074	-1533.0028076172
208.55639648438	-1534.6818847656
208.68135070801	-1536.3609619141
208.80632019043	-1538.0402832031
208.93127441406	-1539.7193603516
209.05622863770	-1541.2835693359
209.18118286133	-1542.8149414062
209.30615234375	-1544.3465576172
209.43110656738	-1545.8779296875
209.55606079102	-1547.4093017578
209.68103027344	-1548.8690185547
209.80598449707	-1550.2415771484
209.93093872070	-1551.6141357422
210.05590820312	-1552.9868164062
210.18086242676	-1554.3593750000
210.30581665039	-1555.7121582031
210.43078613281	-1556.9279785156
210.55574035645	-1558.1434326172
210.68069458008	-1559.3590087891
210.80564880371	-1560.5745849609
210.93061828613	-1561.7902832031
211.05557250977	-1562.8782958984
211.18052673340	-1563.9343261719
211.30549621582	-1564.9906005859
211.43045043945	-1566.0466308594
211.55540466309	-1567.1027832031
211.68037414551	-1568.0850830078
211.80532836914	-1568.9852294922
211.93028259277	-1569.8854980469
212.05525207520	-1570.7857666016
212.18020629883	-1571.6859130859
212.30516052246	-1572.5618896484
212.43011474609	-1573.2979736328
212.55508422852	-1574.0340576172
212.68003845215	-1574.7701416016
212.80499267578	-1575.5062255859
212.92996215820	-1576.2424316406
213.05491638184	-1576.8582763672
213.17987060547	-1577.4481201172
213.30484008789	-1578.0379638672
213.42979431152	-1578.6278076172
213.55474853516	-1579.2176513672
213.67971801758	-1579.7235107422
213.80467224121	-1580.1439208984
213.92962646484	-1580.5644531250
214.05458068848	-1580.9848632812
214.17955017090	-1581.4053955078
214.30450439453	-1581.7988281250
214.42945861816	-1582.0600585938
214.55442810059	-1582.3212890625
214.67938232422	-1582.5825195312
214.80433654785	-1582.8437500000
214.92930603027	-1583.1049804688
215.05426025391	-1583.2364501953
215.17921447754	-1583.3438720703
215.30418395996	-1583.4512939453
215.42913818359	-1583.5587158203
215.55409240723	-1583.6662597656
215.67904663086	-1583.6888427734
215.80401611328	-1583.6324462891
215.92897033691	-1583.5761718750
216.05392456055	-1583.5197753906
216.17889404297	-1583.4635009766
216.30384826660	-1583.3768310547
216.42880249023	-1583.1624755859
216.55377197266	-1582.9481201172
216.67872619629	-1582.7338867188
216.80368041992	-1582.5195312500
216.92863464355	-1582.3051757812
217.05360412598	-1581.9527587891
217.17855834961	-1581.5789794922
217.30351257324	-1581.2052001953
217.42848205566	-1580.8314208984
217.55343627930	-1580.4576416016
217.67839050293	-1580.0002441406
217.80335998535	-1579.4716796875
217.92831420898	-1578.9431152344
218.05326843262	-1578.4145507812
218.17823791504	-1577.8859863281
218.30319213867	-1577.3212890625
218.42814636230	-1576.6239013672
218.55310058594	-1575.9265136719
218.67807006836	-1575.2290039062
218.80302429199	-1574.5316162109
218.92797851562	-1573.8342285156
219.05294799805	-1573.0006103516
219.17790222168	-1572.1499023438
219.30285644531	-1571.2990722656
219.42782592773	-1570.4482421875
219.55278015137	-1569.5975341797
219.67773437500	-1568.6589355469
219.80270385742	-1567.6516113281
219.92765808105	-1566.6445312500
220.05261230469	-1565.6374511719
220.17756652832	-1564.6303710938
220.30253601074	-1563.5852050781
220.42749023438	-1562.4176025391
220.55244445801	-1561.2498779297
220.67741394043	-1560.0821533203
220.80236816406	-1558.9144287109
220.92732238770	-1557.7468261719
221.05229187012	-1556.4373779297
221.17724609375	-1555.1141357422
221.30220031738	-1553.7908935547
221.42716979980	-1552.4674072266
221.55212402344	-1551.1441650391
221.67707824707	-1549.7274169922
221.80203247070	-1548.2440185547
221.92700195312	-1546.7606201172
222.05195617676	-1545.2772216797
222.17691040039	-1543.7939453125
222.30187988281	-1542.2729492188
222.42683410645	-1540.6442871094
222.55178833008	-1539.0157470703
222.67675781250	-1537.3869628906
222.80171203613	-1535.7583007812
222.92666625977	-1534.1297607422
223.05162048340	-1532.3458251953
223.17658996582	-1530.5504150391
223.30154418945	-1528.7551269531
223.42649841309	-1526.9599609375
223.55146789551	-1525.1645507812
223.67642211914	-1523.2792968750
223.80137634277	-1521.3356933594
223.92634582520	-1519.3918457031
224.05130004883	-1517.4482421875
224.17625427246	-1515.5046386719
224.30122375488	-1513.5184326172
224.42617797852	-1511.4237060547
224.55113220215	-1509.3291015625
224.67608642578	-1507.2343750000
224.80105590820	-1505.1394042969
224.92601013184	-1503.0447998047
225.05096435547	-1500.8045654297
225.17593383789	-1498.5570068359
225.30088806152	-1496.3098144531
225.42584228516	-1494.0625000000
225.55081176758	-1491.8149414062
225.67576599121	-1489.4721679688
225.80072021484	-1487.0728759766
225.92568969727	-1484.6732177734
226.05064392090	-1482.2739257812
226.17559814453	-1479.8745117188
226.30055236816	-1477.4302978516
226.42552185059	-1474.8822021484
226.55047607422	-1472.3344726562
226.67543029785	-1469.7866210938
226.80039978027	-1467.2385253906
226.92535400391	-1464.6907958984
227.05030822754	-1462.0007324219
227.17527770996	-1459.3067626953
227.30023193359	-1456.6131591797
227.42518615723	-1453.9196777344
227.55015563965	-1451.2257080078
227.67510986328	-1448.4360351562
227.80006408691	-1445.5947265625
227.92501831055	-1442.7534179688
228.04998779297	-1439.9118652344
228.17494201660	-1437.0705566406
228.29989624023	-1434.1833496094
228.42486572266	-1431.2000732422
228.54981994629	-1428.2172851562
228.67477416992	-1425.2344970703
228.79974365234	-1422.2512207031
228.92469787598	-1419.2684326172
229.04965209961	-1416.1395263672
229.17460632324	-1413.0104980469
229.29957580566	-1409.8809814453
229.42453002930	-1406.7519531250
229.54948425293	-1403.6229248047
229.67445373535	-1400.3999023438
229.79940795898	-1397.1318359375
229.92436218262	-1393.8636474609
230.04933166504	-1390.5950927734
230.17428588867	-1387.3270263672
230.29924011230	-1384.0098876953
230.42420959473	-1380.5998535156
230.54916381836	-1377.1903076172
230.67411804199	-1373.7807617188
230.79907226562	-1370.3712158203
230.92404174805	-1366.9584960938
231.04899597168	-1363.4104003906
231.17395019531	-1359.8623046875
231.29891967773	-1356.3137207031
231.42387390137	-1352.7656250000
231.54882812500	-1349.2175292969
231.67379760742	-1345.5732421875
231.79875183105	-1341.8872070312
231.92370605469	-1338.2011718750
232.04867553711	-1334.5147705078
232.17362976074	-1330.8287353516
232.29858398438	-1327.0964355469
232.42353820801	-1323.2847900391
232.54850769043	-1319.4725341797
232.67346191406	-1315.6608886719
232.79841613770	-1311.8492431641
232.92338562012	-1308.0312500000
233.04833984375	-1304.0806884766
233.17329406738	-1300.1302490234
233.29826354980	-1296.1791992188
233.42321777344	-1292.2287597656
233.54817199707	-1288.2781982422
233.67314147949	-1284.2364501953
233.79809570312	-1280.1591796875
233.92304992676	-1276.0819091797
234.04800415039	-1272.0045166016
234.17297363281	-1267.9267578125
234.29792785645	-1263.7996826172
234.42288208008	-1259.5948486328
234.54785156250	-1255.3894042969
234.67280578613	-1251.1845703125
234.79776000977	-1246.9797363281
234.92272949219	-1242.7662353516
235.04768371582	-1238.4366455078
235.17263793945	-1234.1071777344
235.29759216309	-1229.7775878906
235.42256164551	-1225.4475097656
235.54751586914	-1221.1179199219
235.67247009277	-1216.6945800781
235.79743957520	-1212.2375488281
235.92239379883	-1207.7810058594
236.04734802246	-1203.3244628906
236.17231750488	-1198.8673095703
236.29727172852	-1194.3636474609
236.42222595215	-1189.7927246094
236.54719543457	-1185.2211914062
236.67214965820	-1180.6502685547
236.79710388184	-1176.0793457031
236.92205810547	-1171.4976806641
237.04702758789	-1166.8021240234
237.17198181152	-1162.1071777344
237.29693603516	-1157.4121093750
237.42190551758	-1152.7165527344
237.54685974121	-1148.0216064453
237.67181396484	-1143.2426757812
237.79678344727	-1138.4367675781
237.92173767090	-1133.6313476562
238.04669189453	-1128.8259277344
238.17166137695	-1124.0200195312
238.29661560059	-1119.1622314453
238.42156982422	-1114.2363281250
238.54652404785	-1109.3103027344
238.67149353027	-1104.3837890625
238.79644775391	-1099.4578857422
238.92140197754	-1094.5205078125
239.04637145996	-1089.4887695312
239.17132568359	-1084.4577636719
239.29627990723	-1079.4266357422
239.42124938965	-1074.3948974609
239.54620361328	-1069.3638916016
239.67115783691	-1064.2508544922
239.79612731934	-1059.1145019531
239.92108154297	-1053.9788818359
240.04603576660	-1048.8431396484
240.17098999023	-1043.7073974609
240.29595947266	-1038.5213623047
240.42091369629	-1033.2767333984
240.54586791992	-1028.0321044922
240.67083740234	-1022.7868041992
240.79579162598	-1017.5421142578
240.92074584961	-1012.2843017578
241.04571533203	-1006.9379272461
241.17066955566	-1001.5921630859
241.29562377930	-996.24645996094
241.42057800293	-990.90075683594
241.54554748535	-985.55438232422
241.67050170898	-980.12915039062
241.79545593262	-974.68463134766
241.92042541504	-969.23944091797
242.04537963867	-963.79486083984
242.17033386230	-958.35034179688
242.29530334473	-952.86114501953
242.42025756836	-947.32476806641
242.54521179199	-941.78833007812
242.67018127441	-936.25122070312
242.79513549805	-930.71478271484
242.92008972168	-925.16223144531
243.04504394531	-919.52008056641
243.17001342773	-913.87725830078
243.29496765137	-908.23516845703
243.41992187500	-902.59301757812
243.54489135742	-896.95019531250
243.66984558105	-891.24218750000
243.79479980469	-885.52026367188
243.91976928711	-879.79766845703
244.04472351074	-874.07580566406
244.16967773438	-868.35388183594
244.29464721680	-862.58587646484
244.41960144043	-856.77325439453
244.54455566406	-850.96057128906
244.66950988770	-845.14794921875
244.79447937012	-839.33459472656
244.91943359375	-833.50695800781
245.04438781738	-827.60839843750
245.16935729980	-821.70910644531
245.29431152344	-815.81048583984
245.41926574707	-809.91192626953
245.54423522949	-804.01263427734
245.66918945312	-798.04931640625
245.79414367676	-792.07440185547
245.91911315918	-786.09881591797
246.04406738281	-780.12390136719
246.16900634766	-774.14978027344
246.29397583008	-768.13238525391
246.41894531250	-762.07684326172
246.54388427734	-756.02276611328
246.66885375977	-749.96722412109
246.79382324219	-743.91168212891
246.91876220703	-737.84320068359
247.04373168945	-731.71429443359
247.16870117188	-725.58544921875
247.29364013672	-719.45800781250
247.41860961914	-713.32916259766
247.54357910156	-707.20025634766
247.66851806641	-701.01037597656
247.79348754883	-694.80963134766
247.91845703125	-688.60894775391
248.04339599609	-682.40979003906
248.16836547852	-676.20910644531
248.29333496094	-669.96923828125
248.41827392578	-663.69812011719
248.54324340820	-657.42553710938
248.66821289062	-651.15289306641
248.79315185547	-644.88183593750
248.91812133789	-638.59564208984
249.04309082031	-632.26110839844
249.16802978516	-625.92803955078
249.29299926758	-619.59344482422
249.41796875000	-613.25891113281
249.54290771484	-606.92584228516
249.66787719727	-600.53979492188
249.79284667969	-594.14752197266
249.91778564453	-587.75683593750
250.04275512695	-581.36462402344
250.16772460938	-574.97235107422
250.29266357422	-568.54760742188
250.41763305664	-562.09527587891
250.54260253906	-555.64294433594
250.66754150391	-549.19219970703
250.79248046875	-542.74145507812
250.91748046875	-536.27374267578
251.04241943359	-529.76568603516
251.16735839844	-523.25762939453
251.29235839844	-516.74639892578
251.41729736328	-510.23834228516
251.54223632812	-503.73028564453
251.66723632812	-497.17529296875
251.79217529297	-490.61938476562
251.91711425781	-484.06350708008
252.04211425781	-477.50439453125
252.16705322266	-470.94851684570
252.29199218750	-464.36538696289
252.41696166992	-457.76162719727
252.54193115234	-451.15783691406
252.66687011719	-444.55569458008
252.79183959961	-437.95190429688
252.91680908203	-431.33673095703
253.04174804688	-424.69119262695
253.16671752930	-418.04403686523
253.29168701172	-411.39688110352
253.41662597656	-404.75134277344
253.54159545898	-398.10415649414
253.66656494141	-391.42279052734
253.79150390625	-384.74072265625
253.91647338867	-378.05700683594
254.04144287109	-371.37332153320
254.16638183594	-364.69125366211
254.29135131836	-357.97921752930
254.41632080078	-351.24911499023
254.54125976562	-344.52066040039
254.66622924805	-337.79055786133
254.79119873047	-331.06045532227
254.91613769531	-324.32397460938
255.04110717773	-317.56567382812
255.16607666016	-310.80740356445
255.29101562500	-304.05075073242
255.41598510742	-297.29244995117
255.54095458984	-290.53414916992
255.66589355469	-283.75357055664
255.79086303711	-276.97033691406
255.91583251953	-270.18707275391
256.04077148438	-263.40545654297
256.16574096680	-256.62219238281
256.29067993164	-249.82257080078
256.41564941406	-243.01081848145
256.54061889648	-236.19906616211
256.66555786133	-229.38897705078
256.79052734375	-222.57723999023
256.91549682617	-215.75775146484
257.04043579102	-208.92250061035
257.16540527344	-202.08557128906
257.29037475586	-195.24865722656
257.41531372070	-188.41339111328
257.54028320312	-181.57647705078
257.66525268555	-174.72650146484
257.79019165039	-167.87794494629
257.91516113281	-161.02772521973
258.04013061523	-154.17749023438
258.16506958008	-147.32894897461
258.29003906250	-140.46908569336
258.41500854492	-133.60415649414
258.53994750977	-126.74090576172
258.66491699219	-119.87596893311
258.78988647461	-113.01103973389
258.91482543945	-106.14244842529
259.03979492188	-99.261276245117
259.16473388672	-92.381790161133
259.28970336914	-85.500617980957
259.41467285156	-78.619445800781
259.53961181641	-71.739952087402
259.66458129883	-64.855728149414
259.78955078125	-57.971504211426
259.91448974609	-51.088958740234
260.03945922852	-44.204734802246
260.16442871094	-37.320514678955
260.28936767578	-30.433921813965
260.41433715820	-23.543716430664
260.53930664062	-16.653511047363
260.66424560547	-9.7649860382080
260.78921508789	-2.8747825622559
260.91418457031	4.0144119262695
261.03912353516	10.900053024292
261.16409301758	17.787378311157
261.28906250000	24.674701690674
261.41400146484	31.560344696045
261.53897094727	38.447662353516
261.66394042969	45.334728240967
261.78887939453	52.220115661621
261.91384887695	59.107185363770
262.03881835938	65.994255065918
262.16375732422	72.879638671875
262.28872680664	79.758384704590
262.41366577148	86.631874084473
262.53863525391	93.507041931152
262.66360473633	100.38220977783
262.78854370117	107.25570678711
262.91351318359	114.12718963623
263.03848266602	120.99248504639
263.16342163086	127.85610961914
263.28839111328	134.72140502930
263.41336059570	141.58671569824
263.53829956055	148.44964599609
263.66326904297	155.30036926270
263.78823852539	162.15107727051
263.91317749023	169.00012207031
264.03814697266	175.85083007812
264.16311645508	182.70155334473
264.28805541992	189.53735351562
264.41302490234	196.36968994141
264.53799438477	203.20204162598
264.66293334961	210.03271484375
264.78790283203	216.86506652832
264.91287231445	223.68936157227
265.03781127930	230.49966430664
265.16278076172	237.31164550781
265.28771972656	244.12194824219
265.41268920898	250.93391418457
265.53765869141	257.74374389648
265.66259765625	264.52319335938
265.78756713867	271.30429077148
265.91253662109	278.08538818359
266.03747558594	284.86483764648
266.16244506836	291.64593505859
266.28741455078	298.40695190430
266.41235351562	305.15933227539
266.53732299805	311.91336059570
266.66229248047	318.66741943359
266.78723144531	325.41979980469
266.91220092773	332.16082763672
267.03717041016	338.88360595703
267.16210937500	345.60473632812
267.28707885742	352.32754516602
267.41204833984	359.05032348633
267.53698730469	365.76763916016
267.66195678711	372.44824218750
267.78692626953	379.12881469727
267.91186523438	385.80780029297
268.03683471680	392.48837280273
268.16180419922	399.16897583008
268.28674316406	405.82449340820
268.41171264648	412.47445678711
268.53665161133	419.12277221680
268.66162109375	425.77273559570
268.78659057617	432.42269897461
268.91152954102	439.04803466797
269.03649902344	445.64562988281
269.16146850586	452.24322509766
269.28640747070	458.83923339844
269.41137695312	465.43682861328
269.53634643555	472.02932739258
269.66128540039	478.58035278320
269.78625488281	485.13299560547
269.91122436523	491.68560791016
270.03616333008	498.23666381836
270.16113281250	504.78927612305
270.28610229492	511.30163574219
270.41104125977	517.80157470703
270.53601074219	524.30303955078
270.66098022461	530.80450439453
270.78591918945	537.30444335938
270.91088867188	543.78021240234
271.03585815430	550.22595214844
271.16079711914	556.67016601562
271.28576660156	563.11590576172
271.41070556641	569.56011962891
271.53567504883	575.99835205078
271.66064453125	582.38867187500
271.78558349609	588.77740478516
271.91055297852	595.16766357422
272.03552246094	601.55798339844
272.16046142578	607.94671630859
272.28543090820	614.28582763672
272.41040039062	620.61291503906
272.53533935547	626.93841552734
272.66030883789	633.26550292969
272.78527832031	639.59259033203
272.91021728516	645.88702392578
273.03518676758	652.14971923828
273.16015625000	658.41241455078
273.28509521484	664.67358398438
273.41006469727	670.93627929688
273.53503417969	677.18829345703
273.65997314453	683.38146972656
273.78494262695	689.57611083984
273.90991210938	695.77075195312
274.03485107422	701.96386718750
274.15982055664	708.15856933594
274.28479003906	714.29138183594
274.40972900391	720.41021728516
274.53469848633	726.53057861328
274.65963745117	732.64941406250
274.78460693359	738.76971435547
274.90957641602	744.85467529297
275.03451538086	750.90356445312
275.15948486328	756.95385742188
275.28445434570	763.00421142578
275.40939331055	769.05310058594
275.53436279297	775.08905029297
275.65933227539	781.05938720703
275.78427124023	787.02832031250
275.90924072266	792.99865722656
276.03421020508	798.96899414062
276.15914916992	804.93792724609
276.28411865234	810.84008789062
276.40908813477	816.73052978516
276.53402709961	822.61956787109
276.65899658203	828.51000976562
276.78396606445	834.40051269531
276.90890502930	840.24273681641
277.03387451172	846.04437255859
277.15884399414	851.84606933594
277.28378295898	857.64636230469
277.40875244141	863.44799804688
277.53369140625	869.23132324219
277.65866088867	874.94860839844
277.78363037109	880.66583251953
277.90856933594	886.38171386719
278.03353881836	892.09899902344
278.15850830078	897.81628417969
278.28344726562	903.45385742188
278.40841674805	909.08160400391
278.53338623047	914.70941162109
278.65832519531	920.33581542969
278.78329467773	925.96362304688
278.90826416016	931.53759765625
279.03320312500	937.06616210938
279.15817260742	942.59600830078
279.28314208984	948.12591552734
279.40808105469	953.65447998047
279.53305053711	959.16345214844
279.65802001953	964.59967041016
279.78295898438	970.03454589844
279.90792846680	975.47082519531
280.03289794922	980.90704345703
280.15783691406	986.34197998047
280.28280639648	991.69177246094
280.40777587891	997.03161621094
280.53271484375	1002.3702392578
280.65768432617	1007.7100830078
280.78262329102	1013.0487060547
280.90759277344	1018.3272094727
281.03256225586	1023.5597534180
281.15750122070	1028.7910156250
281.28247070312	1034.0235595703
281.40744018555	1039.2561035156
281.53237915039	1044.4619140625
281.65734863281	1049.5909423828
281.78231811523	1054.7198486328
281.90725708008	1059.8476562500
282.03222656250	1064.9766845703
282.15719604492	1070.1055908203
282.28213500977	1075.1319580078
282.40710449219	1080.1505126953
282.53207397461	1085.1691894531
282.65701293945	1090.1865234375
282.78198242188	1095.2052001953
282.90695190430	1100.1599121094
283.03189086914	1105.0695800781
283.15686035156	1109.9804687500
283.28182983398	1114.8914794922
283.40676879883	1119.8011474609
283.53173828125	1124.6821289062
283.65667724609	1129.4799804688
283.78164672852	1134.2789306641
283.90661621094	1139.0780029297
284.03155517578	1143.8758544922
284.15652465820	1148.6749267578
284.28149414062	1153.3630371094
284.40643310547	1158.0432128906
284.53140258789	1162.7246093750
284.65637207031	1167.4058837891
284.78131103516	1172.0861816406
284.90628051758	1176.6953125000
285.03125000000	1181.2595214844
285.15618896484	1185.8225097656
285.28115844727	1190.3867187500
285.40612792969	1194.9508056641
285.53106689453	1199.4787597656
285.65603637695	1203.9215087891
285.78100585938	1208.3643798828
285.90594482422	1212.8060302734
286.03091430664	1217.2487792969
286.15588378906	1221.6916503906
286.28082275391	1226.0141601562
286.40579223633	1230.3332519531
286.53076171875	1234.6523437500
286.65570068359	1238.9703369141
286.78067016602	1243.2894287109
286.90560913086	1247.5257568359
287.03057861328	1251.7166748047
287.15554809570	1255.9075927734
287.28048706055	1260.0974121094
287.40545654297	1264.2883300781
287.53042602539	1268.4410400391
287.65536499023	1272.5085449219
287.78033447266	1276.5769042969
287.90530395508	1280.6452636719
288.03024291992	1284.7127685547
288.15521240234	1288.7811279297
288.28018188477	1292.7174072266
288.40512084961	1296.6508789062
288.53009033203	1300.5852050781
288.65505981445	1304.5196533203
288.77999877930	1308.4530029297
288.90496826172	1312.3024902344
289.02993774414	1316.1080322266
289.15487670898	1319.9125976562
289.27984619141	1323.7182617188
289.40481567383	1327.5238037109
289.52975463867	1331.2825927734
289.65472412109	1334.9509277344
289.77966308594	1338.6182861328
289.90463256836	1342.2866210938
290.02960205078	1345.9549560547
290.15454101562	1349.6213378906
290.27951049805	1353.1573486328
290.40447998047	1356.6934814453
290.52941894531	1360.2286376953
290.65438842773	1363.7646484375
290.77935791016	1367.3006591797
290.90429687500	1370.7377929688
291.02926635742	1374.1300048828
291.15423583984	1377.5222167969
291.27917480469	1380.9135742188
291.40414428711	1384.3057861328
291.52911376953	1387.6491699219
291.65405273438	1390.9030761719
291.77902221680	1394.1578369141
291.90399169922	1397.4124755859
292.02893066406	1400.6665039062
292.15390014648	1403.9171142578
292.27886962891	1407.0345458984
292.40380859375	1410.1512451172
292.52877807617	1413.2686767578
292.65374755859	1416.3861083984
292.77868652344	1419.5026855469
292.90365600586	1422.5174560547
293.02859497070	1425.4881591797
293.15356445312	1428.4595947266
293.27853393555	1431.4310302734
293.40347290039	1434.4018554688
293.52844238281	1437.3195800781
293.65341186523	1440.1489257812
293.77835083008	1442.9775390625
293.90332031250	1445.8067626953
294.02828979492	1448.6361083984
294.15322875977	1451.4569091797
294.27819824219	1454.1343994141
294.40316772461	1456.8120117188
294.52810668945	1459.4890136719
294.65307617188	1462.1665039062
294.77804565430	1464.8441162109
294.90298461914	1467.4183349609
295.02795410156	1469.9543457031
295.15292358398	1472.4903564453
295.27786254883	1475.0257568359
295.40283203125	1477.5617675781
295.52780151367	1480.0351562500
295.65274047852	1482.4141845703
295.77770996094	1484.7937011719
295.90264892578	1487.1726074219
296.02761840820	1489.5521240234
296.15258789062	1491.9210205078
296.27752685547	1494.1550292969
296.40249633789	1496.3896484375
296.52746582031	1498.6243896484
296.65240478516	1500.8583984375
296.77737426758	1503.0931396484
296.90234375000	1505.2124023438
297.02728271484	1507.2924804688
297.15225219727	1509.3729248047
297.27722167969	1511.4534912109
297.40216064453	1513.5334472656
297.52713012695	1515.5494384766
297.65209960938	1517.4768066406
297.77703857422	1519.4036865234
297.90200805664	1521.3310546875
298.02697753906	1523.2584228516
298.15191650391	1525.1708984375
298.27688598633	1526.9484863281
298.40185546875	1528.7260742188
298.52679443359	1530.5031738281
298.65176391602	1532.2806396484
298.77673339844	1534.0582275391
298.90167236328	1535.7158203125
299.02664184570	1537.3380126953
299.15158081055	1538.9599609375
299.27655029297	1540.5822753906
299.40151977539	1542.2045898438
299.52645874023	1543.7548828125
299.65142822266	1545.2158203125
299.77639770508	1546.6768798828
299.90133666992	1548.1374511719
300.02630615234	1549.5985107422
300.15127563477	1551.0415039062
300.27621459961	1552.3499755859
300.40118408203	1553.6586914062
300.52615356445	1554.9674072266
300.65109252930	1556.2757568359
300.77606201172	1557.5844726562
300.90103149414	1558.7707519531
301.02597045898	1559.9245605469
301.15093994141	1561.0784912109
301.27590942383	1562.2325439453
301.40084838867	1563.3863525391
301.52581787109	1564.4658203125
301.65078735352	1565.4599609375
301.77572631836	1566.4537353516
301.90069580078	1567.4478759766
302.02563476562	1568.4416503906
302.15060424805	1569.4132080078
302.27557373047	1570.2459716797
302.40051269531	1571.0784912109
302.52548217773	1571.9113769531
302.65045166016	1572.7441406250
302.77539062500	1573.5767822266
302.90036010742	1574.2805175781
303.02532958984	1574.9548339844
303.15026855469	1575.6290283203
303.27523803711	1576.3033447266
303.40020751953	1576.9776611328
303.52514648438	1577.5776367188
303.65011596680	1578.1000976562
303.77508544922	1578.6225585938
303.90002441406	1579.1447753906
304.02499389648	1579.6672363281
304.14996337891	1580.1623535156
304.27490234375	1580.5163574219
304.39987182617	1580.8704833984
304.52484130859	1581.2244873047
304.64978027344	1581.5784912109
304.77474975586	1581.9326171875
304.89971923828	1582.1617431641
305.02465820312	1582.3663330078
305.14962768555	1582.5709228516
305.27456665039	1582.7755126953
305.39953613281	1582.9802246094
305.52450561523	1583.0994873047
305.64944458008	1583.1368408203
305.77441406250	1583.1740722656
305.89938354492	1583.2114257812
306.02432250977	1583.2487792969
306.14929199219	1583.2572021484
306.27426147461	1583.1381835938
306.39920043945	1583.0191650391
306.52416992188	1582.9001464844
306.64913940430	1582.7810058594
306.77407836914	1582.6619873047
306.89904785156	1582.4014892578
307.02401733398	1582.1175537109
307.14895629883	1581.8336181641
307.27392578125	1581.5496826172
307.39889526367	1581.2657470703
307.52383422852	1580.9006347656
307.64880371094	1580.4642333984
307.77377319336	1580.0278320312
307.89871215820	1579.5914306641
308.02368164062	1579.1550292969
308.14862060547	1578.6856689453
308.27359008789	1578.0895996094
308.39855957031	1577.4934082031
308.52349853516	1576.8974609375
308.64846801758	1576.3012695312
308.77343750000	1575.7050781250
308.89837646484	1574.9654541016
309.02334594727	1574.2060546875
309.14831542969	1573.4466552734
309.27325439453	1572.6873779297
309.39822387695	1571.9279785156
309.52319335938	1571.0819091797
309.64813232422	1570.1663818359
309.77310180664	1569.2506103516
309.89807128906	1568.3348388672
310.02301025391	1567.4193115234
310.14797973633	1566.4672851562
310.27294921875	1565.3924560547
310.39788818359	1564.3178710938
310.52285766602	1563.2430419922
310.64782714844	1562.1682128906
310.77276611328	1561.0936279297
310.89773559570	1559.8771972656
311.02270507812	1558.6455078125
311.14764404297	1557.4140625000
311.27261352539	1556.1822509766
311.39755249023	1554.9508056641
311.52252197266	1553.6308593750
311.64749145508	1552.2462158203
311.77243041992	1550.8618164062
311.89739990234	1549.4770507812
312.02236938477	1548.0924072266
312.14730834961	1546.6684570312
312.27227783203	1545.1257324219
312.39724731445	1543.5830078125
312.52218627930	1542.0406494141
312.64715576172	1540.4979248047
312.77212524414	1538.9553222656
312.89706420898	1537.2664794922
313.02203369141	1535.5653076172
313.14700317383	1533.8641357422
313.27194213867	1532.1633300781
313.39691162109	1530.4621582031
313.52188110352	1528.6710205078
313.64682006836	1526.8200683594
313.77178955078	1524.9685058594
313.89675903320	1523.1170654297
314.02169799805	1521.2659912109
314.14666748047	1519.3720703125
314.27160644531	1517.3653564453
314.39657592773	1515.3582763672
314.52154541016	1513.3510742188
314.64648437500	1511.3444824219
314.77145385742	1509.3372802734
314.89642333984	1507.1881103516
315.02136230469	1505.0313720703
315.14633178711	1502.8741455078
315.27130126953	1500.7169189453
315.39624023438	1498.5601806641
315.52120971680	1496.3111572266
315.64617919922	1494.0059814453
315.77111816406	1491.7014160156
315.89608764648	1489.3962402344
316.02105712891	1487.0910644531
316.14599609375	1484.7403564453
316.27096557617	1482.2785644531
316.39593505859	1479.8166503906
316.52087402344	1477.3554687500
316.64584350586	1474.8935546875
316.77081298828	1472.4316406250
316.89575195312	1469.8256835938
317.02072143555	1467.2144775391
317.14569091797	1464.6031494141
317.27062988281	1461.9924316406
317.39559936523	1459.3812255859
317.52053833008	1456.6810302734
317.64550781250	1453.9305419922
317.77047729492	1451.1799316406
317.89541625977	1448.4300537109
318.02038574219	1445.6794433594
318.14535522461	1442.8817138672
318.27029418945	1439.9826660156
318.39526367188	1437.0830078125
318.52023315430	1434.1832275391
318.64517211914	1431.2843017578
318.77014160156	1428.3845214844
318.89511108398	1425.3399658203
319.02005004883	1422.2946777344
319.14501953125	1419.2486572266
319.26998901367	1416.2026367188
319.39492797852	1413.1573486328
319.51989746094	1410.0191650391
319.64486694336	1406.8344726562
319.76980590820	1403.6505126953
319.89477539062	1400.4658203125
320.01974487305	1397.2811279297
320.14468383789	1394.0488281250
320.26965332031	1390.7213134766
320.39459228516	1387.3945312500
320.51956176758	1384.0670166016
320.64453125000	1380.7395019531
320.76947021484	1377.4111328125
320.89443969727	1373.9466552734
321.01940917969	1370.4821777344
321.14434814453	1367.0185546875
321.26931762695	1363.5540771484
321.39428710938	1360.0895996094
321.51922607422	1356.5314941406
321.64419555664	1352.9294433594
321.76916503906	1349.3273925781
321.89410400391	1345.7261962891
322.01907348633	1342.1241455078
322.14404296875	1338.4714355469
322.26898193359	1334.7301025391
322.39395141602	1330.9877929688
322.51892089844	1327.2454833984
322.64385986328	1323.5040283203
322.76882934570	1319.7573242188
322.89379882812	1315.8885498047
323.01873779297	1312.0207519531
323.14370727539	1308.1520996094
323.26867675781	1304.2833251953
323.39361572266	1300.4155273438
323.51858520508	1296.4533691406
323.64352416992	1292.4537353516
323.76849365234	1288.4531250000
323.89346313477	1284.4526367188
324.01840209961	1280.4530029297
324.14337158203	1276.4016113281
324.26834106445	1272.2683105469
324.39328002930	1268.1359863281
324.51824951172	1264.0026855469
324.64321899414	1259.8693847656
324.76815795898	1255.7301025391
324.89312744141	1251.4747314453
325.01809692383	1247.2192382812
325.14303588867	1242.9648437500
325.26800537109	1238.7094726562
325.39297485352	1234.4541015625
325.51791381836	1230.1082763672
325.64288330078	1225.7277832031
325.76785278320	1221.3471679688
325.89279174805	1216.9676513672
326.01776123047	1212.5871582031
326.14273071289	1208.1551513672
326.26766967773	1203.6488037109
326.39263916016	1199.1412353516
326.51757812500	1194.6348876953
326.64254760742	1190.1273193359
326.76751708984	1185.6108398438
326.89245605469	1180.9909667969
327.01742553711	1176.3698730469
327.14239501953	1171.7489013672
327.26733398438	1167.1289062500
327.39230346680	1162.5079345703
327.51727294922	1157.7965087891
327.64221191406	1153.0566406250
327.76718139648	1148.3155517578
327.89215087891	1143.5745849609
328.01708984375	1138.8345947266
328.14205932617	1134.0455322266
328.26702880859	1129.1917724609
328.39196777344	1124.3391113281
328.51693725586	1119.4853515625
328.64190673828	1114.6315917969
328.76684570312	1109.7673339844
328.89181518555	1104.7971191406
329.01678466797	1099.8270263672
329.14172363281	1094.8580322266
329.26669311523	1089.8879394531
329.39166259766	1084.9177246094
329.51660156250	1079.8679199219
329.64157104492	1074.7933349609
329.76651000977	1069.7199707031
329.89147949219	1064.6453857422
330.01644897461	1059.5706787109
330.14138793945	1054.4500732422
330.26635742188	1049.2700195312
330.39132690430	1044.0899658203
330.51626586914	1038.9111328125
330.64123535156	1033.7312011719
330.76620483398	1028.5378417969
330.89114379883	1023.2509155273
331.01611328125	1017.9627075195
331.14108276367	1012.6745605469
331.26602172852	1007.3876342773
331.39099121094	1002.0994262695
331.51596069336	996.73199462891
331.64089965820	991.34564208984
331.76586914062	985.95794677734
331.89083862305	980.57025146484
332.01577758789	975.18389892578
332.14074707031	969.75134277344
332.26571655273	964.26837158203
332.39065551758	958.78680419922
332.51562500000	953.30383300781
332.64056396484	947.82220458984
332.76553344727	942.32501220703
332.89050292969	936.74395751953
333.01544189453	931.16424560547
333.14041137695	925.58319091797
333.26538085938	920.00213623047
333.39031982422	914.42242431641
333.51528930664	908.76745605469
333.64025878906	903.09613037109
333.76519775391	897.42620849609
333.89016723633	891.75494384766
334.01513671875	886.08361816406
334.14007568359	880.36614990234
334.26504516602	874.59838867188
334.39001464844	868.83062744141
334.51495361328	863.06427001953
334.63992309570	857.29650878906
334.76489257812	851.51611328125
334.88983154297	845.67425537109
335.01480102539	839.83093261719
335.13977050781	833.98760986328
335.26470947266	828.14575195312
335.38967895508	822.30249023438
335.51464843750	816.38696289062
335.63958740234	810.45922851562
335.76455688477	804.53009033203
335.88949584961	798.60235595703
336.01446533203	792.67321777344
336.13943481445	786.70141601562
336.26437377930	780.69085693359
336.38934326172	774.67889404297
336.51431274414	768.66693115234
336.63925170898	762.65643310547
336.76422119141	756.63043212891
336.88919067383	750.54455566406
337.01412963867	744.46014404297
337.13909912109	738.37420654297
337.26406860352	732.28833007812
337.38900756836	726.20385742188
337.51397705078	720.05554199219
337.63894653320	713.89727783203
337.76388549805	707.74053955078
337.88885498047	701.58227539062
338.01382446289	695.42401123047
338.13876342773	689.22790527344
338.26373291016	682.99633789062
338.38870239258	676.76483154297
338.51364135742	670.53479003906
338.63861083984	664.30322265625
338.76354980469	658.05963134766
338.88851928711	651.76354980469
339.01348876953	645.46746826172
339.13842773438	639.17297363281
339.26339721680	632.87689208984
339.38836669922	626.58087158203
339.51330566406	620.23352050781
339.63827514648	613.87774658203
339.76324462891	607.52203369141
339.88818359375	601.16784667969
340.01315307617	594.81207275391
340.13812255859	588.42034912109
340.26306152344	582.00170898438
340.38803100586	575.58160400391
340.51300048828	569.16143798828
340.63793945312	562.74285888672
340.76290893555	556.30987548828
340.88787841797	549.83465576172
341.01281738281	543.36108398438
341.13778686523	536.88586425781
341.26275634766	530.41070556641
341.38769531250	523.93713378906
341.51266479492	517.41314697266
341.63763427734	510.88424682617
341.76257324219	504.35690307617
341.88754272461	497.82797241211
342.01248168945	491.30062866211
342.13745117188	484.74453735352
342.26242065430	478.16882324219
342.38735961914	471.59472656250
342.51232910156	465.01904296875
342.63729858398	458.44332885742
342.76223754883	451.85671997070
342.88720703125	445.23190307617
343.01217651367	438.60708618164
343.13711547852	431.98388671875
343.26208496094	425.35903930664
343.38705444336	418.73422241211
343.51199340820	412.07788085938
343.63696289062	405.41738891602
343.76193237305	398.75686645508
343.88687133789	392.09799194336
344.01184082031	385.43750000000
344.13681030273	378.74917602539
344.26174926758	372.04418945312
344.38671875000	365.33755493164
344.51168823242	358.63095092773
344.63662719727	351.92596435547
344.76159667969	345.21084594727
344.88653564453	338.47521972656
345.01150512695	331.73794555664
345.13647460938	325.00067138672
345.26141357422	318.26504516602
345.38638305664	311.52777099609
345.51135253906	304.75897216797
345.63629150391	297.99017333984
345.76126098633	291.21972656250
345.88623046875	284.44931030273
346.01116943359	277.68051147461
346.13613891602	270.89062500000
346.26110839844	264.08901977539
346.38604736328	257.28909301758
346.51101684570	250.48751831055
346.63598632812	243.68592834473
346.76092529297	236.88020324707
346.88589477539	230.05924987793
347.01086425781	223.23828125000
347.13580322266	216.41899108887
347.26077270508	209.59802246094
347.38574218750	202.77706909180
347.51068115234	195.93765258789
347.63565063477	189.09602355957
347.76062011719	182.25439453125
347.88555908203	175.41444396973
348.01052856445	168.57281494141
348.13546752930	161.72151184082
348.26043701172	154.86236572266
348.38540649414	148.00323486328
348.51034545898	141.14575195312
348.63531494141	134.28662109375
348.76028442383	127.42318725586
348.88522338867	120.55239105225
349.01019287109	113.67991638184
349.13516235352	106.80744171143
349.26010131836	99.936645507812
349.38507080078	93.064178466797
349.51004028320	86.185089111328
349.63497924805	79.307647705078
349.75994873047	72.428535461426
349.88491821289	65.549415588379
350.00985717773	58.671981811523
350.13482666016	51.786701202393
350.25979614258	44.898376464844
350.38473510742	38.011730194092
350.50970458984	31.123403549194
350.63467407227	24.235076904297
350.75961303711	17.349056243896
350.88458251953	10.462540626526
351.00952148438	3.5777072906494
351.13449096680	-3.3088092803955
351.25946044922	-10.195322036743
351.38439941406	-17.080204010010
351.50936889648	-23.969528198242
351.63433837891	-30.858848571777
351.75927734375	-37.746490478516
351.88424682617	-44.635810852051
352.00921630859	-51.525131225586
352.13415527344	-58.406887054443
352.25912475586	-65.287696838379
352.38409423828	-72.168502807617
352.50903320312	-79.047630310059
352.63400268555	-85.928436279297
352.75897216797	-92.806015014648
352.88391113281	-99.676300048828
353.00888061523	-106.54826354980
353.13385009766	-113.42022705078
353.25878906250	-120.29051971436
353.38375854492	-127.16213226318
353.50872802734	-134.02522277832
353.63366699219	-140.88662719727
353.75863647461	-147.74971008301
353.88360595703	-154.61279296875
354.00854492188	-161.47419738770
354.13351440430	-168.32156372070
354.25845336914	-175.16091918945
354.38342285156	-182.00195312500
354.50839233398	-188.84297180176
354.63333129883	-195.68234252930
354.75830078125	-202.51791381836
354.88327026367	-209.34487915039
355.00820922852	-216.17016601562
355.13317871094	-222.99713134766
355.25814819336	-229.82408142090
355.38308715820	-236.64756774902
355.50805664062	-243.44497680664
355.63302612305	-250.24237060547
355.75796508789	-257.03811645508
355.88293457031	-263.83554077148
356.00790405273	-270.63293457031
356.13284301758	-277.41421508789
356.25781250000	-284.19195556641
356.38278198242	-290.96966552734
356.50772094727	-297.74575805664
356.63269042969	-304.52349853516
356.75765991211	-311.28500366211
356.88259887695	-318.02145385742
357.00756835938	-324.75958251953
357.13250732422	-331.49606323242
357.25747680664	-338.23416137695
357.38244628906	-344.96960449219
357.50738525391	-351.67388916016
357.63235473633	-358.37979125977
357.75732421875	-365.08572387695
357.88226318359	-371.79000854492
358.00723266602	-378.49591064453
358.13220214844	-385.17507934570
358.25714111328	-391.84405517578
358.38211059570	-398.51464843750
358.50708007812	-405.18524169922
358.63201904297	-411.85418701172
358.75698852539	-418.50466918945
358.88195800781	-425.12863159180
359.00689697266	-431.75094604492
359.13186645508	-438.37490844727
359.25683593750	-444.99884033203
359.38177490234	-451.61691284180
359.50674438477	-458.20050048828
359.63171386719	-464.78408813477
359.75665283203	-471.36605834961
359.88162231445	-477.94964599609
360.00659179688	-484.53323364258
360.13153076172	-491.07559204102
360.25650024414	-497.60833740234
360.38143920898	-504.13946533203
360.50640869141	-510.67221069336
360.63137817383	-517.20495605469
360.75631713867	-523.71234130859
360.88128662109	-530.19274902344
361.00625610352	-536.67309570312
361.13119506836	-543.15191650391
361.25616455078	-549.63232421875
361.38113403320	-556.10491943359
361.50607299805	-562.52276611328
361.63104248047	-568.94213867188
361.75601196289	-575.36157226562
361.88095092773	-581.77941894531
362.00592041016	-588.19885253906
362.13088989258	-594.57470703125
362.25582885742	-600.93817138672
362.38079833984	-607.30322265625
362.50576782227	-613.66827392578
362.63070678711	-620.03173828125
362.75567626953	-626.36822509766
362.88064575195	-632.67321777344
363.00558471680	-638.97668457031
363.13055419922	-645.28167724609
363.25549316406	-651.58508300781
363.38046264648	-657.87908935547
363.50543212891	-664.11059570312
363.63037109375	-670.34057617188
363.75534057617	-676.57208251953
363.88031005859	-682.80352783203
364.00524902344	-689.03350830078
364.13021850586	-695.21331787109
364.25518798828	-701.38201904297
364.38012695312	-707.54925537109
364.50509643555	-713.71795654297
364.63006591797	-719.88665771484
364.75500488281	-726.01550292969
364.87997436523	-732.10711669922
365.00494384766	-738.19866943359
365.12988281250	-744.28881835938
365.25485229492	-750.38037109375
365.37982177734	-756.45965576172
365.50476074219	-762.47814941406
365.62973022461	-768.49804687500
365.75469970703	-774.51800537109
365.87963867188	-780.53643798828
366.00460815430	-786.55639648438
366.12957763672	-792.50512695312
366.25451660156	-798.43939208984
366.37948608398	-804.37518310547
366.50442504883	-810.30944824219
366.62939453125	-816.24517822266
366.75436401367	-822.13934326172
366.87930297852	-827.99365234375
367.00427246094	-833.84936523438
367.12924194336	-839.70513916016
367.25418090820	-845.55944824219
367.37915039062	-851.39819335938
367.50411987305	-857.16632080078
367.62905883789	-862.93310546875
367.75402832031	-868.70123291016
367.87899780273	-874.46936035156
368.00393676758	-880.23614501953
368.12890625000	-885.93029785156
368.25387573242	-891.61315917969
368.37881469727	-897.29467773438
368.50378417969	-902.97753906250
368.62875366211	-908.66040039062
368.75369262695	-914.29064941406
368.87866210938	-919.87890625000
369.00363159180	-925.46716308594
369.12857055664	-931.05407714844
369.25354003906	-936.64233398438
369.37847900391	-942.20971679688
369.50344848633	-947.70739746094
369.62841796875	-953.20513916016
369.75335693359	-958.70147705078
369.87832641602	-964.19921875000
370.00329589844	-969.69696044922
370.12823486328	-975.09887695312
370.25320434570	-980.49047851562
370.37817382812	-985.88208007812
370.50311279297	-991.27233886719
370.62808227539	-996.66394042969
370.75305175781	-1002.0028076172
370.87799072266	-1007.2995605469
371.00296020508	-1012.5975952148
371.12792968750	-1017.8956909180
371.25286865234	-1023.1924438477
371.37783813477	-1028.4641113281
371.50280761719	-1033.6511230469
371.62774658203	-1038.8370361328
371.75271606445	-1044.0240478516
371.87768554688	-1049.2111816406
372.00262451172	-1054.3969726562
372.12759399414	-1059.4935302734
372.25256347656	-1064.5812988281
372.37750244141	-1069.6677246094
372.50247192383	-1074.7554931641
372.62741088867	-1079.8420410156
372.75238037109	-1084.8654785156
372.87734985352	-1089.8433837891
373.00228881836	-1094.8201904297
373.12725830078	-1099.7980957031
373.25222778320	-1104.7760009766
373.37716674805	-1109.7231445312
373.50213623047	-1114.5869140625
373.62710571289	-1119.4506835938
373.75204467773	-1124.3132324219
373.87701416016	-1129.1770019531
374.00198364258	-1134.0407714844
374.12692260742	-1138.7958984375
374.25189208984	-1143.5445556641
374.37686157227	-1148.2933349609
374.50180053711	-1153.0407714844
374.62677001953	-1157.7895507812
374.75173950195	-1162.4720458984
374.87667846680	-1167.1108398438
375.00164794922	-1171.7507324219
375.12661743164	-1176.3906250000
375.25155639648	-1181.0292968750
375.37652587891	-1185.6329345703
375.50146484375	-1190.1428222656
375.62643432617	-1194.6536865234
375.75140380859	-1199.1646728516
375.87634277344	-1203.6745605469
376.00131225586	-1208.1855468750
376.12628173828	-1212.5828857422
376.25122070312	-1216.9739990234
376.37619018555	-1221.3662109375
376.50115966797	-1225.7584228516
376.62609863281	-1230.1495361328
376.75106811523	-1234.4663085938
376.87603759766	-1238.7388916016
377.00097656250	-1243.0103759766
377.12594604492	-1247.2828369141
377.25091552734	-1251.5554199219
377.37585449219	-1255.7875976562
377.50082397461	-1259.9311523438
377.62579345703	-1264.0745849609
377.75073242188	-1268.2170410156
377.87570190430	-1272.3604736328
378.00067138672	-1276.5039062500
378.12561035156	-1280.5159912109
378.25057983398	-1284.5260009766
378.37554931641	-1288.5361328125
378.50048828125	-1292.5452880859
378.62545776367	-1296.5552978516
378.75039672852	-1300.4816894531
378.87536621094	-1304.3648681641
379.00033569336	-1308.2480468750
379.12527465820	-1312.1302490234
379.25024414062	-1316.0134277344
379.37521362305	-1319.8529052734
379.50015258789	-1323.6011962891
379.62512207031	-1327.3504638672
379.75009155273	-1331.0998535156
379.87503051758	-1334.8481445312
380.00000000000	-1338.5974121094
