0.0000000000000	-540.00732421875
0.12495899200439	-552.34362792969
0.24991798400879	-564.67993164062
0.37487697601318	-577.01611328125
0.49983596801758	-590.78100585938
0.62479400634766	-604.83471679688
0.74975299835205	-618.88842773438
0.87471199035645	-634.37432861328
0.99967098236084	-650.58605957031
1.1246299743652	-666.79772949219
1.2495889663696	-684.66760253906
1.3745479583740	-704.22595214844
1.4995069503784	-723.78430175781
1.6244659423828	-743.34277343750
1.7494249343872	-763.54687500000
1.8743839263916	-789.88989257812
1.9993419647217	-816.23278808594
2.1243009567261	-842.57580566406
2.2492599487305	-868.91894531250
2.3742189407349	-895.26196289062
2.4991779327393	-921.60504150391
2.6241369247437	-961.54144287109
2.7490959167480	-1001.5678710938
2.8740549087524	-1041.5942382812
2.9990139007568	-1081.6206054688
3.1239719390869	-1121.6467285156
3.2489309310913	-1161.6732177734
3.3738899230957	-1220.7705078125
3.4988489151001	-1282.1849365234
3.6238079071045	-1343.5993652344
3.7487668991089	-1405.0136718750
3.8737258911133	-1477.8563232422
3.9986848831177	-1562.5283203125
4.1236438751221	-1647.2003173828
4.2486019134521	-1738.5651855469
4.3735618591309	-1843.9489746094
4.4985198974609	-1949.3308105469
4.6234788894653	-2053.2543945312
4.7484378814697	-2149.2224121094
4.8733968734741	-2245.1909179688
4.9983558654785	-2341.1589355469
5.1233148574829	-2262.0849609375
5.2482738494873	-2180.6767578125
5.3732318878174	-2099.2695312500
5.4981918334961	-2010.1473388672
5.6231498718262	-1919.3181152344
5.7481098175049	-1828.4875488281
5.8730678558350	-1751.1684570312
5.9980268478394	-1681.1079101562
6.1229858398438	-1611.0473632812
6.2479438781738	-1552.2683105469
6.3729038238525	-1505.5970458984
6.4978618621826	-1458.9265136719
6.6228218078613	-1412.2552490234
6.7477798461914	-1367.3626708984
6.8727397918701	-1342.3710937500
6.9976978302002	-1317.3797607422
7.1226577758789	-1292.3880615234
7.2476158142090	-1267.3967285156
7.3725738525391	-1242.4055175781
7.4975337982178	-1217.4139404297
7.6224937438965	-1206.4444580078
7.7474517822266	-1195.7575683594
7.8724098205566	-1185.0705566406
7.9973697662354	-1174.3834228516
8.1223278045654	-1163.6964111328
8.2472877502441	-1153.0092773438
8.3722457885742	-1149.0043945312
8.4972038269043	-1145.9234619141
8.6221637725830	-1142.8425292969
8.7471237182617	-1139.7615966797
8.8720817565918	-1138.7131347656
8.9970397949219	-1139.8825683594
9.1219997406006	-1141.0517578125
9.2469577789307	-1143.1978759766
9.3719177246094	-1147.5175781250
9.4968757629395	-1151.8372802734
9.6218338012695	-1156.5825195312
9.7467937469482	-1163.9023437500
9.8717536926270	-1171.2220458984
9.9967117309570	-1178.5417480469
10.121669769287	-1188.8319091797
10.246629714966	-1199.2025146484
10.371589660645	-1209.5729980469
10.496547698975	-1222.6574707031
10.621505737305	-1236.3969726562
10.746463775635	-1250.1367187500
10.871423721313	-1266.3859863281
10.996383666992	-1284.0634765625
11.121341705322	-1301.7407226562
11.246299743652	-1322.1347656250
11.371259689331	-1345.6032714844
11.496219635010	-1369.0717773438
11.621177673340	-1392.5399169922
11.746135711670	-1416.7839355469
11.871093750000	-1451.5212402344
11.996053695679	-1486.2589111328
12.121013641357	-1520.9965820312
12.245971679688	-1555.7338867188
12.370929718018	-1590.4709472656
12.495889663696	-1625.2087402344
12.620849609375	-1681.5543212891
12.745807647705	-1738.6340332031
12.870765686035	-1795.7138671875
12.995723724365	-1852.7934570312
13.120683670044	-1909.8741455078
13.245643615723	-1966.9548339844
13.370601654053	-2053.9848632812
13.495559692383	-2145.6752929688
13.620519638062	-2237.3666992188
13.745479583740	-2329.0585937500
13.870437622070	-2438.1958007812
13.995395660400	-2567.4013671875
14.120355606079	-2696.6093750000
14.245313644409	-2835.7128906250
14.370273590088	-2998.2597656250
14.495231628418	-3160.8041992188
14.620189666748	-3321.3984375000
14.745149612427	-3468.7905273438
14.870109558105	-3616.1821289062
14.995067596436	-3763.5717773438
15.120025634766	-3636.7822265625
15.244985580444	-3498.7236328125
15.369945526123	-3360.6645507812
15.494903564453	-3210.5908203125
15.619861602783	-3057.3681640625
15.744819641113	-2904.1457519531
15.869779586792	-2771.7597656250
15.994739532471	-2651.9221191406
16.119697570801	-2532.0864257812
16.244655609131	-2429.3911132812
16.369615554810	-2347.1435546875
16.494573593140	-2264.8974609375
16.619533538818	-2182.6501464844
16.744491577148	-2102.3413085938
16.869451522827	-2054.8784179688
16.994409561157	-2007.4162597656
17.119369506836	-1959.9532470703
17.244327545166	-1912.4909667969
17.369285583496	-1865.0288085938
17.494245529175	-1817.5657958984
17.619203567505	-1791.7573242188
17.744163513184	-1766.9937744141
17.869121551514	-1742.2307128906
17.994081497192	-1717.4670410156
18.119039535522	-1692.7039794922
18.243999481201	-1667.9404296875
18.368957519531	-1653.2718505859
18.493915557861	-1640.3538818359
18.618875503540	-1627.4357910156
18.743833541870	-1614.5178222656
18.868793487549	-1604.4807128906
18.993751525879	-1597.9379882812
19.118711471558	-1591.3952636719
19.243669509888	-1586.1503906250
19.368629455566	-1584.1816406250
19.493587493896	-1582.2128906250
19.618547439575	-1580.7286376953
19.743505477905	-1582.9534912109
19.868463516235	-1585.1782226562
19.993423461914	-1587.4031982422
20.118381500244	-1593.5351562500
20.243341445923	-1599.8842773438
20.368299484253	-1606.2333984375
20.493259429932	-1615.9987792969
20.618217468262	-1626.7319335938
20.743177413940	-1637.4653320312
20.868135452271	-1651.2365722656
20.993093490601	-1666.9418945312
21.118053436279	-1682.6473388672
21.243011474609	-1701.5080566406
21.367971420288	-1724.3391113281
21.492929458618	-1747.1696777344
21.617889404297	-1770.0007324219
21.742847442627	-1793.4105224609
21.867807388306	-1829.8547363281
21.992765426636	-1866.2983398438
22.117725372314	-1902.7424316406
22.242683410645	-1939.1860351562
22.367641448975	-1975.6297607422
22.492599487305	-2012.0733642578
22.617561340332	-2073.5368652344
22.742519378662	-2136.5732421875
22.867477416992	-2199.6098632812
22.992439270020	-2262.6481933594
23.117393493652	-2325.6826171875
23.242355346680	-2388.7211914062
23.367313385010	-2486.1616210938
23.492271423340	-2590.2009277344
23.617233276367	-2694.2436523438
23.742187500000	-2798.2797851562
23.867149353027	-2921.8210449219
23.992107391357	-3070.3024902344
24.117065429688	-3218.7836914062
24.242027282715	-3377.9545898438
24.366985321045	-3565.9257812500
24.491943359375	-3753.8974609375
24.616901397705	-3940.0307617188
24.741859436035	-4110.0493164062
24.866821289062	-4280.0732421875
24.991779327393	-4450.0917968750
25.116737365723	-4304.4863281250
25.241699218750	-4136.6494140625
25.366653442383	-3968.8227539062
25.491615295410	-3787.2309570312
25.616573333740	-3601.4433593750
25.741531372070	-3415.6557617188
25.866493225098	-3253.4877929688
25.991447448730	-3107.2192382812
26.116409301758	-2960.9414062500
26.241367340088	-2833.7773437500
26.366325378418	-2731.9770507812
26.491287231445	-2630.1733398438
26.616245269775	-2528.3730468750
26.741203308105	-2427.7783203125
26.866165161133	-2367.0358886719
26.991119384766	-2306.2968750000
27.116081237793	-2245.5541992188
27.241039276123	-2184.8137207031
27.365997314453	-2124.0727539062
27.490959167480	-2063.3303222656
27.615913391113	-2027.4067382812
27.740875244141	-1993.4165039062
27.865833282471	-1959.4274902344
27.990791320801	-1925.4384765625
28.115753173828	-1891.4482421875
28.240711212158	-1857.4592285156
28.365669250488	-1834.8162841797
28.490627288818	-1814.5651855469
28.615585327148	-1794.3142089844
28.740547180176	-1774.0625000000
28.865505218506	-1756.9030761719
28.990463256836	-1743.9167480469
29.115425109863	-1730.9299316406
29.240379333496	-1719.2624511719
29.365341186523	-1711.3989257812
29.490299224854	-1703.5354003906
29.615257263184	-1696.0803222656
29.740219116211	-1692.7934570312
29.865173339844	-1689.5068359375
29.990135192871	-1686.2198486328
30.115093231201	-1686.9552001953
30.240051269531	-1688.0351562500
30.365013122559	-1689.1152343750
30.489971160889	-1693.5969238281
30.614929199219	-1699.1950683594
30.739891052246	-1704.7934570312
30.864845275879	-1713.3200683594
30.989807128906	-1723.9273681641
31.114765167236	-1734.5343017578
31.239723205566	-1748.0847167969
31.364685058594	-1765.7590332031
31.489639282227	-1783.4321289062
31.614601135254	-1801.1064453125
31.739559173584	-1818.9954833984
31.864517211914	-1849.9573974609
31.989479064941	-1880.9201660156
32.114437103271	-1911.8820800781
32.239395141602	-1942.8438720703
32.364353179932	-1973.8057861328
32.489311218262	-2004.7675781250
32.614273071289	-2059.2177734375
32.739231109619	-2115.8627929688
32.864189147949	-2172.5083007812
32.989147186279	-2229.1538085938
33.114109039307	-2285.8007812500
33.239067077637	-2342.4460449219
33.364025115967	-2431.1186523438
33.488983154297	-2527.1701660156
33.613941192627	-2623.2219238281
33.738903045654	-2719.2766113281
33.863861083984	-2832.9248046875
33.988819122314	-2971.6416015625
34.113777160645	-3110.3588867188
34.238739013672	-3258.3403320312
34.363697052002	-3434.9707031250
34.488655090332	-3611.6008300781
34.613613128662	-3786.9213867188
34.738571166992	-3946.3371582031
34.863533020020	-4105.7578125000
34.988491058350	-4265.1733398438
35.113449096680	-4130.3554687500
35.238407135010	-3965.6879882812
35.363368988037	-3801.0161132812
35.488327026367	-3623.6186523438
35.613285064697	-3441.7416992188
35.738243103027	-3259.8647460938
35.863201141357	-3099.6340332031
35.988162994385	-2955.6259765625
36.113121032715	-2811.6220703125
36.238079071045	-2684.8115234375
36.363037109375	-2583.4321289062
36.487998962402	-2482.0498046875
36.612957000732	-2380.6704101562
36.737915039062	-2279.4111328125
36.862873077393	-2217.3383789062
36.987831115723	-2155.2656250000
37.112792968750	-2093.1909179688
37.237751007080	-2031.1184082031
37.362709045410	-1969.0456542969
37.487667083740	-1906.9730224609
37.612628936768	-1867.8402099609
37.737586975098	-1831.2207031250
37.862545013428	-1794.6010742188
37.987503051758	-1757.9814453125
38.112464904785	-1721.3607177734
38.237422943115	-1684.7412109375
38.362380981445	-1658.5106201172
38.487339019775	-1634.8842773438
38.612297058105	-1611.2578125000
38.737258911133	-1587.6307373047
38.862216949463	-1566.7016601562
38.987174987793	-1549.8311767578
39.112133026123	-1532.9605712891
39.237094879150	-1517.1667480469
39.362052917480	-1504.9577636719
39.487010955811	-1492.7487792969
39.611968994141	-1480.7951660156
39.736927032471	-1472.6411132812
39.861888885498	-1464.4868164062
39.986846923828	-1456.3328857422
40.111804962158	-1451.5485839844
40.236763000488	-1447.1606445312
40.361724853516	-1442.7724609375
40.486682891846	-1441.1413574219
40.611640930176	-1440.5476074219
40.736598968506	-1439.9538574219
40.861557006836	-1441.6428222656
40.986518859863	-1445.1372070312
41.111476898193	-1448.6315917969
41.236434936523	-1454.3259277344
41.361392974854	-1463.4584960938
41.486354827881	-1472.5915527344
41.611312866211	-1481.7241210938
41.736270904541	-1490.8566894531
41.861228942871	-1510.2399902344
41.986186981201	-1529.7281494141
42.111148834229	-1549.2167968750
42.236106872559	-1568.7048339844
42.361064910889	-1588.1928710938
42.486022949219	-1607.6810302734
42.610984802246	-1644.6818847656
42.735942840576	-1683.8872070312
42.860900878906	-1723.0924072266
42.985858917236	-1762.2976074219
43.110816955566	-1801.5026855469
43.235778808594	-1840.7091064453
43.360736846924	-1903.6008300781
43.485694885254	-1972.9250488281
43.610652923584	-2042.2495117188
43.735614776611	-2111.5761718750
43.860572814941	-2193.4746093750
43.985530853271	-2295.3647460938
44.110488891602	-2397.2553710938
44.235450744629	-2505.4550781250
44.360408782959	-2636.2812500000
44.485366821289	-2767.1074218750
44.610324859619	-2897.2812500000
44.735282897949	-3014.9965820312
44.860244750977	-3132.7158203125
44.985202789307	-3250.4316406250
45.110160827637	-3150.2253417969
45.235118865967	-3020.7470703125
45.360080718994	-2891.2651367188
45.485038757324	-2752.4331054688
45.609996795654	-2609.8432617188
45.734954833984	-2467.2534179688
45.859912872314	-2340.4038085938
45.984874725342	-2226.6787109375
46.109832763672	-2112.9575195312
46.234790802002	-2011.4721679688
46.359748840332	-1930.2026367188
46.484710693359	-1848.9306640625
46.609668731689	-1767.6612548828
46.734626770020	-1686.3918457031
46.859584808350	-1634.3220214844
46.984542846680	-1582.9477539062
47.109504699707	-1531.5720214844
47.234462738037	-1480.1976318359
47.359420776367	-1428.8233642578
47.484378814697	-1377.4489746094
47.609340667725	-1342.9470214844
47.734298706055	-1310.8566894531
47.859256744385	-1278.7662353516
47.984214782715	-1246.6759033203
48.109172821045	-1214.5854492188
48.234134674072	-1182.4941406250
48.359092712402	-1157.8847656250
48.484050750732	-1135.4689941406
48.609008789062	-1113.0532226562
48.733970642090	-1090.6367187500
48.858928680420	-1070.0557861328
48.983886718750	-1052.5598144531
49.108844757080	-1035.0639648438
49.233802795410	-1018.2451782227
49.358764648438	-1004.0560302734
49.483722686768	-989.86730957031
49.608680725098	-975.77978515625
49.733638763428	-964.35449218750
49.858600616455	-952.92883300781
49.983558654785	-941.50354003906
50.108516693115	-932.20312500000
50.233474731445	-923.22460937500
50.358436584473	-914.24578857422
50.483394622803	-906.87792968750
50.608352661133	-900.19958496094
50.733310699463	-893.52117919922
50.858268737793	-888.09216308594
50.983230590820	-883.76184082031
51.108188629150	-879.43164062500
51.233146667480	-876.22229003906
51.358104705811	-874.97235107422
51.483066558838	-873.72229003906
51.608024597168	-872.47235107422
51.732982635498	-871.22235107422
51.857940673828	-875.15124511719
51.982898712158	-879.27575683594
52.107860565186	-883.40051269531
52.232818603516	-887.52502441406
52.357776641846	-891.64959716797
52.482734680176	-895.77416992188
52.607696533203	-908.48211669922
52.732654571533	-922.56561279297
52.857612609863	-936.64910888672
52.982570648193	-950.73266601562
53.107528686523	-964.81616210938
53.232490539551	-978.90002441406
53.357448577881	-1004.3457641602
53.482406616211	-1033.3774414062
53.607364654541	-1062.4089355469
53.732326507568	-1091.4414062500
53.857284545898	-1126.2639160156
53.982242584229	-1171.3900146484
54.107200622559	-1216.5161132812
54.232162475586	-1264.3806152344
54.357116699219	-1323.7856445312
54.482078552246	-1383.1942138672
54.607040405273	-1442.4511718750
54.731994628906	-1495.3864746094
54.856956481934	-1548.3251953125
54.981918334961	-1601.2637939453
55.106872558594	-1550.0195312500
55.231826782227	-1481.1491699219
55.356796264648	-1412.2705078125
55.481750488281	-1338.9738769531
55.606704711914	-1263.6618652344
55.731666564941	-1188.3452148438
55.856628417969	-1120.4045410156
55.981582641602	-1059.3066406250
56.106544494629	-998.20483398438
56.231506347656	-942.69744873047
56.356460571289	-897.54797363281
56.481422424316	-852.39575195312
56.606384277344	-807.24346923828
56.731338500977	-762.09399414062
56.856292724609	-730.83898925781
56.981254577637	-700.30688476562
57.106216430664	-669.77484130859
57.231170654297	-639.24462890625
57.356132507324	-608.71264648438
57.481094360352	-578.18054199219
57.606048583984	-555.54443359375
57.731010437012	-534.31420898438
57.855972290039	-513.08404541016
57.980926513672	-491.85516357422
58.105880737305	-470.62628173828
58.230850219727	-449.39480590820
58.355804443359	-431.48699951172
58.480758666992	-414.70413208008
58.605720520020	-397.92022705078
58.730682373047	-381.13635253906
58.855636596680	-365.08654785156
58.980598449707	-350.41766357422
59.105560302734	-335.74874877930
59.230514526367	-321.31140136719
59.355476379395	-307.93499755859
59.480438232422	-294.55859375000
59.605392456055	-281.19250488281
59.730346679688	-268.74658203125
59.855316162109	-256.29907226562
59.980270385742	-243.85313415527
60.105224609375	-231.92568969727
60.230186462402	-220.09475708008
60.355148315430	-208.26382446289
60.480102539062	-196.68621826172
60.605064392090	-185.23008728027
60.730026245117	-173.77398681641
60.854980468750	-162.39674377441
60.979942321777	-151.09521484375
61.104904174805	-139.79370117188
61.229858398438	-128.47232055664
61.354812622070	-117.11058807373
61.479782104492	-105.74745178223
61.604736328125	-94.385719299316
61.729690551758	-83.023979187012
61.854652404785	-71.092033386230
61.979614257812	-59.121944427490
62.104568481445	-47.152587890625
62.229530334473	-35.182502746582
62.354492187500	-23.212411880493
62.479446411133	-11.243057250977
62.604408264160	2.2269153594971
62.729370117188	15.992147445679
62.854324340820	29.756540298462
62.979278564453	43.520935058594
63.104240417480	57.286167144775
63.229202270508	71.051399230957
63.354156494141	87.093482971191
63.479118347168	103.96292114258
63.604080200195	120.83235931396
63.729034423828	137.70077514648
63.853996276855	155.74075317383
63.978958129883	176.12030029297
64.103912353516	196.49859619141
64.228874206543	217.39851379395
64.353828430176	240.92405700684
64.478790283203	264.45104980469
64.603752136230	287.97802734375
64.728706359863	310.06848144531
64.853668212891	332.15618896484
64.978622436523	354.24255371094
65.103584289551	353.83404541016
65.228546142578	348.78280639648
65.353500366211	343.73187255859
65.478462219238	337.71685791016
65.603416442871	331.20748901367
65.728378295898	324.69772338867
65.853340148926	319.76980590820
65.978294372559	316.47155761719
66.103256225586	313.17315673828
66.228218078613	311.06164550781
66.353172302246	311.42153930664
66.478134155273	311.78146362305
66.603088378906	312.14135742188
66.728050231934	312.50128173828
66.853012084961	316.06103515625
66.977966308594	319.88330078125
67.102928161621	323.70581054688
67.227882385254	327.52810668945
67.352844238281	331.35058593750
67.477806091309	335.17312622070
67.602760314941	341.05853271484
67.727722167969	347.38986206055
67.852676391602	353.72082519531
67.977638244629	360.05218505859
68.102600097656	366.38354492188
68.227554321289	372.71453857422
68.352516174316	380.20846557617
68.477478027344	388.15310668945
68.602432250977	396.09729003906
68.727394104004	404.04193115234
68.852348327637	412.32977294922
68.977310180664	421.34753417969
69.102272033691	430.36523437500
69.227226257324	439.52618408203
69.352188110352	449.48895263672
69.477142333984	459.45111083984
69.602104187012	469.41387939453
69.727066040039	480.44995117188
69.852020263672	491.50289916992
69.976982116699	502.55651855469
70.101943969727	514.68157958984
70.226898193359	527.04785156250
70.351860046387	539.41485595703
70.476814270020	552.84094238281
70.601776123047	566.84448242188
70.726737976074	580.84802246094
70.851692199707	595.84637451172
70.976654052734	611.92687988281
71.101608276367	628.00640869141
71.226570129395	645.08105468750
71.351531982422	664.35546875000
71.476486206055	683.62878417969
71.601448059082	702.90319824219
71.726402282715	722.17651367188
71.851364135742	747.36761474609
71.976325988770	773.13732910156
72.101280212402	798.90539550781
72.226242065430	824.67517089844
72.351203918457	850.44482421875
72.476158142090	876.21295166016
72.601119995117	912.66589355469
72.726074218750	951.63537597656
72.851036071777	990.60729980469
72.975997924805	1029.5791015625
73.100952148438	1068.5485839844
73.225914001465	1107.5205078125
73.350868225098	1161.0502929688
73.475830078125	1220.6043701172
73.600791931152	1280.1584472656
73.725746154785	1339.7087402344
73.850708007812	1406.1604003906
73.975662231445	1488.1652832031
74.100624084473	1570.1752929688
74.225585937500	1654.9609375000
74.350540161133	1756.9304199219
74.475502014160	1858.9062500000
74.600463867188	1960.8819580078
74.725418090820	2054.0341796875
74.850379943848	2146.9272460938
74.975334167480	2239.8144531250
75.100296020508	2195.4140625000
75.225257873535	2117.2490234375
75.350212097168	2039.0888671875
75.475173950195	1955.1582031250
75.600128173828	1867.9108886719
75.725090026855	1780.6584472656
75.850051879883	1702.7485351562
75.975006103516	1635.5375976562
76.099967956543	1568.3225097656
76.224929809570	1507.8413085938
76.349884033203	1463.2161865234
76.474845886230	1418.5883789062
76.599800109863	1373.9633789062
76.724761962891	1329.3354492188
76.849723815918	1303.4514160156
76.974678039551	1279.7025146484
77.099639892578	1255.9521484375
77.224594116211	1232.2031250000
77.349555969238	1208.4528808594
77.474517822266	1184.7023925781
77.599472045898	1171.9560546875
77.724433898926	1162.0273437500
77.849388122559	1152.0993652344
77.974349975586	1142.1708984375
78.099311828613	1132.2423095703
78.224266052246	1122.3144531250
78.349227905273	1117.5087890625
78.474189758301	1114.9587402344
78.599143981934	1112.4089355469
78.724105834961	1109.8588867188
78.849060058594	1108.5100097656
78.974021911621	1110.0451660156
79.098983764648	1111.5803222656
79.223937988281	1113.4973144531
79.348899841309	1118.0671386719
79.473854064941	1122.6367187500
79.598815917969	1127.2066650391
79.723777770996	1134.5600585938
79.848731994629	1142.0360107422
79.973693847656	1149.5124511719
80.098648071289	1159.3601074219
80.223609924316	1169.8410644531
80.348571777344	1180.3217773438
80.473526000977	1192.8610839844
80.598487854004	1206.6562500000
80.723449707031	1220.4512939453
80.848403930664	1236.0109863281
80.973365783691	1253.7028808594
81.098320007324	1271.3935546875
81.223281860352	1290.7155761719
81.348243713379	1314.1286621094
81.473197937012	1337.5401611328
81.598159790039	1360.9531250000
81.723114013672	1384.3647460938
81.848075866699	1417.6304931641
81.973037719727	1452.1813964844
82.097991943359	1486.7302246094
82.222953796387	1521.2812500000
82.347915649414	1555.8322753906
82.472869873047	1590.3811035156
82.597831726074	1642.1159667969
82.722785949707	1698.6130371094
82.847747802734	1755.1132812500
82.972709655762	1811.6137695312
83.097663879395	1868.1105957031
83.222625732422	1924.6109619141
83.347579956055	2004.2980957031
83.472541809082	2094.8457031250
83.597503662109	2185.3933105469
83.722457885742	2275.9355468750
83.847419738770	2376.8647460938
83.972373962402	2504.3703613281
84.097335815430	2631.8837890625
84.222297668457	2763.0996093750
84.347251892090	2923.4531250000
84.472213745117	3083.8168945312
84.597175598145	3244.1804199219
84.722129821777	3390.4262695312
84.847091674805	3535.8522949219
84.972045898438	3681.2692871094
85.097007751465	3608.3652343750
85.221969604492	3472.5468750000
85.346923828125	3336.7365722656
85.471885681152	3191.8330078125
85.596839904785	3041.0849609375
85.721801757812	2890.3276367188
85.846763610840	2754.0419921875
85.971717834473	2636.1860351562
86.096679687500	2518.3222656250
86.221633911133	2410.5366210938
86.346595764160	2329.7314453125
86.471557617188	2248.9262695312
86.596511840820	2168.1259765625
86.721473693848	2087.3210449219
86.846435546875	2036.3891601562
86.971389770508	1989.8657226562
87.096351623535	1943.3393554688
87.221305847168	1896.8159179688
87.346267700195	1850.2896728516
87.471229553223	1803.7633056641
87.596183776855	1774.4621582031
87.721145629883	1750.3110351562
87.846099853516	1726.1613769531
87.971061706543	1702.0102539062
88.096023559570	1677.8590087891
88.220977783203	1653.7093505859
88.345939636230	1637.3869628906
88.470901489258	1624.9558105469
88.595855712891	1612.5253906250
88.720817565918	1600.0941162109
88.845771789551	1589.3479003906
88.970733642578	1583.2088623047
89.095695495605	1577.0698242188
89.220649719238	1571.3798828125
89.345611572266	1569.7490234375
89.470565795898	1568.1182861328
89.595527648926	1566.4875488281
89.720489501953	1568.7082519531
89.845443725586	1571.2131347656
89.970405578613	1573.7180175781
90.095359802246	1579.3383789062
90.220321655273	1585.9259033203
90.345283508301	1592.5134277344
90.470237731934	1601.6835937500
90.595199584961	1612.6126708984
90.720161437988	1623.5416259766
90.845115661621	1636.5775146484
90.970077514648	1652.4451904297
91.095031738281	1668.3118896484
91.219993591309	1686.0140380859
91.344955444336	1708.9750976562
91.469909667969	1731.9348144531
91.594871520996	1754.8959960938
91.719825744629	1777.8557128906
91.844787597656	1812.4543457031
91.969749450684	1848.9741210938
92.094703674316	1885.4919433594
92.219665527344	1922.0117187500
92.344619750977	1958.5292968750
92.469581604004	1995.0493164062
92.594543457031	2051.6459960938
92.719497680664	2114.6982421875
92.844459533691	2177.7541503906
92.969421386719	2240.8103027344
93.094375610352	2303.8625488281
93.219337463379	2366.9184570312
93.344291687012	2456.7150878906
93.469253540039	2560.6145019531
93.594215393066	2664.5139160156
93.719169616699	2768.4067382812
93.844131469727	2883.5874023438
93.969085693359	3031.7995605469
94.094047546387	3180.0205078125
94.219009399414	3331.6442871094
94.343963623047	3519.2421875000
94.468925476074	3706.8515625000
94.593887329102	3894.4609375000
94.718841552734	4065.6401367188
94.843803405762	4235.3666992188
94.968757629395	4405.0830078125
95.093719482422	4322.1777343750
95.218681335449	4155.0556640625
95.343635559082	3987.9440917969
95.468597412109	3810.4140625000
95.593551635742	3625.4157714844
95.718513488770	3440.4062500000
95.843475341797	3271.6796875000
95.968429565430	3126.0439453125
96.093391418457	2980.3994140625
96.218345642090	2845.6459960938
96.343307495117	2744.3398437500
96.468269348145	2643.0341796875
96.593223571777	2541.7343750000
96.718185424805	2440.4282226562
96.843147277832	2373.6965332031
96.968101501465	2313.3022460938
97.093063354492	2252.9042968750
97.218017578125	2192.5102539062
97.342979431152	2132.1123046875
97.467941284180	2071.7143554688
97.592895507812	2031.1464843750
97.717857360840	1997.4187011719
97.842811584473	1963.6929931641
97.967773437500	1929.9653320312
98.092735290527	1896.2375488281
98.217689514160	1862.5117187500
98.342651367188	1837.5979003906
98.467605590820	1817.6069335938
98.592567443848	1797.6147460938
98.717529296875	1777.6225585938
98.842483520508	1759.3806152344
98.967445373535	1746.6350097656
99.092407226562	1733.8892822266
99.217361450195	1721.5185546875
99.342323303223	1713.8847656250
99.467277526855	1706.2512207031
99.592239379883	1698.6174316406
99.717201232910	1695.1254882812
99.842155456543	1692.0686035156
99.967117309570	1689.0114746094
100.09207153320	1689.1997070312
100.21703338623	1690.5471191406
100.34199523926	1691.8945312500
100.46694946289	1695.8237304688
100.59191131592	1701.7116699219
100.71687316895	1707.5993652344
100.84182739258	1715.5041503906
100.96678924561	1726.4295654297
101.09174346924	1737.3541259766
101.21670532227	1749.9291992188
101.34166717529	1767.9561767578
101.46662139893	1785.9820556641
101.59158325195	1804.0090332031
101.71653747559	1822.0349121094
101.84149932861	1851.1926269531
101.96646118164	1882.5981445312
102.09141540527	1914.0017089844
102.21637725830	1945.4074707031
102.34133148193	1976.8110351562
102.46629333496	2008.2165527344
102.59125518799	2058.5104980469
102.71620941162	2115.7775878906
102.84117126465	2173.0483398438
102.96613311768	2230.3188476562
103.09108734131	2287.5859375000
103.21604919434	2344.8564453125
103.34100341797	2427.0156250000
103.46596527100	2523.8920898438
103.59092712402	2620.7687988281
103.71588134766	2717.6394042969
103.84084320068	2824.3227539062
103.96579742432	2964.1613769531
104.09075927734	3104.0085449219
104.21572113037	3246.1494140625
104.34067535400	3424.1699218750
104.46563720703	3602.2011718750
104.59059143066	3780.2216796875
104.71555328369	3942.8041992188
104.84051513672	4103.5122070312
104.96546936035	4264.2109375000
105.09043121338	4188.7709960938
105.21539306641	4023.1591796875
105.34034729004	3857.5576171875
105.46530914307	3682.3188476562
105.59026336670	3499.3891601562
105.71522521973	3316.4479980469
105.84018707275	3148.2807617188
105.96514129639	3003.4914550781
106.09010314941	2858.6933593750
106.21505737305	2723.3110351562
106.34001922607	2621.4418945312
106.46498107910	2519.5729980469
106.58993530273	2417.7102050781
106.71489715576	2315.8410644531
106.83985900879	2246.3701171875
106.96481323242	2184.0698242188
107.08977508545	2121.7661132812
107.21472930908	2059.4658203125
107.33969116211	1997.1618652344
107.46465301514	1934.8579101562
107.58960723877	1890.9902343750
107.71456909180	1854.3916015625
107.83952331543	1817.7951660156
107.96448516846	1781.1965332031
108.08944702148	1744.5979003906
108.21440124512	1708.0013427734
108.33936309814	1679.4309082031
108.46431732178	1655.8798828125
108.58927917480	1632.3276367188
108.71424102783	1608.7751464844
108.83919525146	1586.6860351562
108.96415710449	1569.9309082031
109.08911895752	1553.1760253906
109.21407318115	1536.6430664062
109.33903503418	1524.6054687500
109.46398925781	1512.5688476562
109.58895111084	1500.5312500000
109.71391296387	1492.1184082031
109.83886718750	1484.2065429688
109.96382904053	1476.2943115234
110.08878326416	1471.1063232422
110.21374511719	1467.0278320312
110.33870697021	1462.9492187500
110.46366119385	1460.9400634766
110.58862304688	1460.6765136719
110.71358489990	1460.4130859375
110.83853912354	1461.6925048828
110.96350097656	1465.5529785156
111.08845520020	1469.4133300781
111.21341705322	1474.4475097656
111.33837890625	1484.0061035156
111.46333312988	1493.5638427734
111.58829498291	1503.1223144531
111.71324920654	1512.6801757812
111.83821105957	1530.7694091797
111.96317291260	1550.9163818359
112.08812713623	1571.0620117188
112.21308898926	1591.2089843750
112.33804321289	1611.3547363281
112.46300506592	1631.5017089844
112.58796691895	1665.8303222656
112.71292114258	1706.1207275391
112.83788299561	1746.4135742188
112.96284484863	1786.7065429688
113.08779907227	1826.9968261719
113.21276092529	1867.2897949219
113.33771514893	1926.1135253906
113.46267700195	1997.1840820312
113.58763885498	2068.2543945312
113.71259307861	2139.3205566406
113.83755493164	2217.1032714844
113.96250915527	2321.4118652344
114.08747100830	2425.7270507812
114.21243286133	2531.0380859375
114.33738708496	2664.8466796875
114.46234893799	2798.6638183594
114.58730316162	2932.4726562500
114.71226501465	3054.6926269531
114.83722686768	3175.1103515625
114.96218109131	3295.5209960938
115.08714294434	3239.9709472656
115.21210479736	3108.0532226562
115.33705902100	2976.1433105469
115.46202087402	2837.1367187500
115.58697509766	2691.8322753906
115.71193695068	2546.5192871094
115.83689880371	2411.8476562500
115.96185302734	2296.0183105469
116.08681488037	2180.1818847656
116.21176910400	2070.7416992188
116.33673095703	1988.0429687500
116.46169281006	1905.3442382812
116.58664703369	1822.6503906250
116.71160888672	1739.9516601562
116.83657073975	1681.4462890625
116.96152496338	1629.2770996094
117.08648681641	1577.1047363281
117.21144104004	1524.9355468750
117.33640289307	1472.7631835938
117.46136474609	1420.5908203125
117.58631896973	1382.0031738281
117.71128082275	1349.4926757812
117.83623504639	1316.9838867188
117.96119689941	1284.4733886719
118.08615112305	1251.9647216797
118.21112060547	1219.4520263672
118.33607482910	1192.7760009766
118.46102905273	1170.1685791016
118.58599853516	1147.5583496094
118.71095275879	1124.9509277344
118.83590698242	1103.2919921875
118.96087646484	1085.7092285156
119.08583068848	1068.1289062500
119.21078491211	1050.6179199219
119.33575439453	1036.4296875000
119.46069335938	1022.2449340820
119.58566284180	1008.0566406250
119.71063232422	996.29150390625
119.83557128906	984.94885253906
119.96054077148	973.60339355469
120.08549499512	963.99450683594
120.21044921875	955.18646240234
120.33541870117	946.37738037109
120.46037292480	938.80749511719
120.58532714844	932.39862060547
120.71029663086	925.98901367188
120.83525085449	920.43273925781
120.96020507812	916.47436523438
121.08517456055	912.51562500000
121.21012878418	909.13671875000
121.33508300781	908.40197753906
121.46005249023	907.66711425781
121.58500671387	906.93237304688
121.70996093750	906.19763183594
121.83493041992	909.88891601562
121.95988464355	914.83258056641
122.08483886719	919.77624511719
122.20980834961	924.72058105469
122.33474731445	929.66369628906
122.45971679688	934.60791015625
122.58468627930	946.67016601562
122.70962524414	962.11450195312
122.83459472656	977.56262207031
122.95956420898	993.01068115234
123.08450317383	1008.4549560547
123.20947265625	1023.9030761719
123.33442687988	1048.4248046875
123.45938110352	1079.6301269531
123.58435058594	1110.8392333984
123.70930480957	1142.0445556641
123.83425903320	1176.2369384766
123.95922851562	1224.4707031250
124.08418273926	1272.6984863281
124.20913696289	1321.0371093750
124.33410644531	1384.3898925781
124.45906066895	1447.7351074219
124.58401489258	1511.0803222656
124.70898437500	1568.6943359375
124.83393859863	1625.2017822266
124.95889282227	1681.7092285156
125.08386230469	1651.7963867188
125.20881652832	1579.5280761719
125.33377075195	1507.2597656250
125.45874023438	1431.5499267578
125.58367919922	1352.4669189453
125.70864868164	1273.3645019531
125.83361816406	1199.2907714844
125.95855712891	1135.2236328125
126.08352661133	1071.1411132812
126.20848083496	1009.8787841797
126.33343505859	962.68994140625
126.45840454102	915.49536132812
126.58335876465	868.30651855469
126.70831298828	821.11773681641
126.83328247070	785.76403808594
126.95823669434	754.02795410156
127.08319091797	722.29174804688
127.20816040039	690.55175781250
127.33311462402	658.81561279297
127.45806884766	627.07946777344
127.58303833008	601.87609863281
127.70799255371	579.97619628906
127.83294677734	558.07629394531
127.95791625977	536.17370605469
128.08287048340	514.27374267578
128.20782470703	492.37380981445
128.33277893066	473.15527343750
128.45774841309	456.01834106445
128.58270263672	438.88351440430
128.70765686035	421.74868774414
128.83262634277	404.97900390625
128.95758056641	390.10522460938
129.08253479004	375.23144531250
129.20750427246	360.35583496094
129.33245849609	346.86746215820
129.45741271973	333.38708496094
129.58236694336	319.90670776367
129.70733642578	307.27386474609
129.83229064941	294.82147216797
129.95724487305	282.36901855469
130.08221435547	270.39575195312
130.20716857910	258.67388916016
130.33212280273	246.95201110840
130.45709228516	235.46508789062
130.58204650879	224.22583007812
130.70700073242	212.98655700684
130.83197021484	201.83383178711
130.95692443848	190.86790466309
131.08187866211	179.90197753906
131.20683288574	168.95004272461
131.33180236816	158.07411193848
131.45675659180	147.19950866699
131.58171081543	136.32490539551
131.70668029785	125.44897460938
131.83163452148	114.35356140137
131.95658874512	103.18576049805
132.08155822754	92.016593933105
132.20651245117	80.848785400391
132.33146667480	69.680992126465
132.45643615723	58.511825561523
132.58139038086	46.539489746094
132.70634460449	34.136520385742
132.83129882812	21.733554840088
132.95626831055	9.3290729522705
133.08122253418	-3.0738906860352
133.20617675781	-15.476856231689
133.33114624023	-29.115417480469
133.45610046387	-43.763641357422
133.58105468750	-58.411865234375
133.70602416992	-73.061874389648
133.83097839355	-88.080513000488
133.95593261719	-105.21097564697
134.08090209961	-122.34352111816
134.20585632324	-139.47399902344
134.33081054688	-158.80572509766
134.45576477051	-178.17990112305
134.58073425293	-197.55645751953
134.70568847656	-216.08427429199
134.83064270020	-234.41729736328
134.95561218262	-252.75256347656
135.08056640625	-258.44076538086
135.20552062988	-257.16229248047
135.33049011230	-255.88369750977
135.45544433594	-254.10900878906
135.58039855957	-251.78936767578
135.70535278320	-249.46972656250
135.83032226562	-247.86856079102
135.95527648926	-247.87910461426
136.08023071289	-247.88964843750
136.20520019531	-248.26986694336
136.33015441895	-250.91516113281
136.45510864258	-253.56045532227
136.58007812500	-256.20605468750
136.70503234863	-258.85134887695
136.82998657227	-263.37445068359
136.95495605469	-268.55834960938
137.07991027832	-273.74157714844
137.20486450195	-278.92483520508
137.32981872559	-284.10809326172
137.45478820801	-289.29196166992
137.57974243164	-295.71350097656
137.70469665527	-302.83706665039
137.82966613770	-309.96151733398
137.95462036133	-317.08508300781
138.07957458496	-324.20867919922
138.20454406738	-331.33312988281
138.32949829102	-339.16885375977
138.45445251465	-347.61993408203
138.57942199707	-356.07208251953
138.70437622070	-364.52313232422
138.82933044434	-373.10180664062
138.95428466797	-382.49084472656
139.07925415039	-391.88104248047
139.20420837402	-401.27005004883
139.32916259766	-411.47860717773
139.45413208008	-421.71563720703
139.57908630371	-431.95135498047
139.70404052734	-442.98199462891
139.82901000977	-454.21301269531
139.95396423340	-465.44268798828
140.07891845703	-477.43688964844
140.20388793945	-489.87857055664
140.32884216309	-502.31875610352
140.45379638672	-515.46679687500
140.57875061035	-529.43432617188
140.70372009277	-543.40368652344
140.82867431641	-557.94812011719
140.95362854004	-573.86944580078
141.07859802246	-589.79272460938
141.20355224609	-606.09948730469
141.32850646973	-625.05310058594
141.45347595215	-644.00909423828
141.57843017578	-662.96276855469
141.70338439941	-681.91638183594
141.82833862305	-705.36785888672
141.95330810547	-730.51391601562
142.07826232910	-755.65686035156
142.20321655273	-780.79992675781
142.32818603516	-805.94592285156
142.45314025879	-831.08886718750
142.57809448242	-864.19049072266
142.70306396484	-902.07214355469
142.82801818848	-939.94921875000
142.95297241211	-977.82623291016
143.07794189453	-1015.7078857422
143.20289611816	-1053.5849609375
143.32785034180	-1101.8247070312
143.45280456543	-1159.5061035156
143.57777404785	-1217.1943359375
143.70272827148	-1274.8756103516
143.82768249512	-1335.2097167969
143.95265197754	-1414.4952392578
144.07760620117	-1493.7711181641
144.20256042480	-1573.0468750000
144.32752990723	-1670.6608886719
144.45248413086	-1769.1323242188
144.57743835449	-1867.6040039062
144.70240783691	-1959.2125244141
144.82736206055	-2048.9448242188
144.95231628418	-2138.6767578125
145.07727050781	-2126.6323242188
145.20223999023	-2051.7724609375
145.32719421387	-1976.9216308594
145.45214843750	-1898.1381835938
145.57711791992	-1814.5422363281
145.70207214355	-1730.9567871094
145.82702636719	-1652.8154296875
145.95199584961	-1588.5219726562
146.07695007324	-1524.2363281250
146.20190429688	-1462.4282226562
146.32687377930	-1419.8812255859
146.45182800293	-1377.3394775391
146.57678222656	-1334.7976074219
146.70173645020	-1292.2558593750
146.82670593262	-1264.0358886719
146.95166015625	-1241.5698242188
147.07661437988	-1219.1036376953
147.20158386230	-1196.6348876953
147.32653808594	-1174.1688232422
147.45149230957	-1151.7027587891
147.57646179199	-1137.3900146484
147.70141601562	-1128.2525634766
147.82637023926	-1119.1151123047
147.95132446289	-1109.9776611328
148.07629394531	-1100.8391113281
148.20124816895	-1091.7016601562
148.32620239258	-1086.1926269531
148.45117187500	-1084.1682128906
148.57612609863	-1082.1441650391
148.70108032227	-1080.1201171875
148.82604980469	-1078.5310058594
148.95100402832	-1080.4702148438
149.07595825195	-1082.4095458984
149.20092773438	-1084.3491210938
149.32588195801	-1089.0622558594
149.45083618164	-1093.9472656250
149.57579040527	-1098.8322753906
149.70075988770	-1105.9034423828
149.82571411133	-1113.6140136719
149.95066833496	-1121.3244628906
150.07563781738	-1130.7888183594
150.20059204102	-1141.3952636719
150.32554626465	-1152.0014648438
150.45051574707	-1164.0192871094
150.57546997070	-1177.8515625000
150.70042419434	-1191.6835937500
150.82539367676	-1206.5375976562
150.95034790039	-1224.1616210938
151.07530212402	-1241.7856445312
151.20025634766	-1259.9748535156
151.32522583008	-1283.2128906250
151.45018005371	-1306.4478759766
151.57513427734	-1329.6829833984
151.70010375977	-1352.9208984375
151.82505798340	-1383.8361816406
151.95001220703	-1418.0358886719
152.07498168945	-1452.2397460938
152.19993591309	-1486.4394531250
152.32489013672	-1520.6391601562
152.44985961914	-1554.8430175781
152.57481384277	-1602.0233154297
152.69976806641	-1657.9033203125
152.82472229004	-1713.7832031250
152.94969177246	-1769.6699218750
153.07464599609	-1825.5498046875
153.19960021973	-1881.4296875000
153.32456970215	-1953.9934082031
153.44952392578	-2043.4276123047
153.57447814941	-2132.8618164062
153.69944763184	-2222.3071289062
153.82440185547	-2315.2558593750
153.94935607910	-2441.0737304688
154.07431030273	-2566.8916015625
154.19927978516	-2692.7246093750
154.32423400879	-2848.5717773438
154.44918823242	-3006.7333984375
154.57415771484	-3164.9140625000
154.69911193848	-3311.8842773438
154.82406616211	-3455.3256835938
154.94903564453	-3598.7846679688
155.07398986816	-3578.2438964844
155.19894409180	-3444.7519531250
155.32391357422	-3311.2436523438
155.44886779785	-3171.5122070312
155.57382202148	-3023.3037109375
155.69877624512	-2875.0947265625
155.82374572754	-2735.1582031250
155.94869995117	-2619.3540039062
156.07365417480	-2503.5498046875
156.19862365723	-2390.9294433594
156.32357788086	-2311.6000976562
156.44853210449	-2232.2709960938
156.57350158691	-2152.9323730469
156.69845581055	-2073.6030273438
156.82341003418	-2017.4675292969
156.94837951660	-1971.8803710938
157.07333374023	-1926.2985839844
157.19828796387	-1880.7170410156
157.32324218750	-1835.1352539062
157.44821166992	-1789.5480957031
157.57316589355	-1756.8789062500
157.69812011719	-1733.3491210938
157.82308959961	-1709.8166503906
157.94804382324	-1686.2868652344
158.07299804688	-1662.7572021484
158.19796752930	-1639.2247314453
158.32292175293	-1621.2736816406
158.44787597656	-1609.2746582031
158.57284545898	-1597.2739257812
158.69779968262	-1585.2747802734
158.82275390625	-1573.7935791016
158.94770812988	-1568.0048828125
159.07267761230	-1562.2155761719
159.19763183594	-1556.4267578125
159.32258605957	-1554.7197265625
159.44755554199	-1553.3906250000
159.57250976562	-1552.0615234375
159.69746398926	-1553.7873535156
159.82243347168	-1556.5473632812
159.94738769531	-1559.3072509766
160.07234191895	-1564.4089355469
160.19729614258	-1571.2138671875
160.32226562500	-1578.0197753906
160.44721984863	-1586.6011962891
160.57217407227	-1597.7307128906
160.69714355469	-1608.8615722656
160.82209777832	-1621.1876220703
160.94705200195	-1637.2487792969
161.07202148438	-1653.3117675781
161.19697570801	-1669.8999023438
161.32192993164	-1693.0335693359
161.44689941406	-1716.1701660156
161.57185363770	-1739.3039550781
161.69680786133	-1762.4377441406
161.82176208496	-1794.6633300781
161.94673156738	-1831.2894287109
162.07168579102	-1867.9110107422
162.19664001465	-1904.5325927734
162.32160949707	-1941.1586914062
162.44656372070	-1977.7802734375
162.57151794434	-2029.5322265625
162.69648742676	-2092.5971679688
162.82144165039	-2155.6540527344
162.94639587402	-2218.7109375000
163.07136535645	-2281.7758789062
163.19631958008	-2344.8330078125
163.32127380371	-2427.0390625000
163.44622802734	-2530.7836914062
163.57119750977	-2634.5415039062
163.69615173340	-2738.2863769531
163.82110595703	-2845.1301269531
163.94607543945	-2993.0244140625
164.07102966309	-3140.9008789062
164.19598388672	-3288.7773437500
164.32095336914	-3472.0585937500
164.44590759277	-3659.1586914062
164.57086181641	-3846.2585449219
164.69583129883	-4020.2905273438
164.82078552246	-4189.5566406250
164.94573974609	-4358.8227539062
165.07069396973	-4338.1918945312
165.19566345215	-4171.7880859375
165.32061767578	-4005.4045410156
165.44557189941	-3831.9340820312
165.57054138184	-3647.7036132812
165.69549560547	-3463.4960937500
165.82044982910	-3288.2956542969
165.94541931152	-3143.3256835938
166.07037353516	-2998.3735351562
166.19532775879	-2856.1303710938
166.32028198242	-2755.3698730469
166.44525146484	-2654.5966796875
166.57020568848	-2553.8359375000
166.69515991211	-2453.0754394531
166.82012939453	-2379.2651367188
166.94508361816	-2319.2949218750
167.07003784180	-2259.3244628906
167.19500732422	-2199.3466796875
167.31996154785	-2139.3764648438
167.44491577148	-2079.4060058594
167.56988525391	-2034.2861328125
167.69483947754	-2000.8813476562
167.81979370117	-1967.4765625000
167.94474792480	-1934.0718994141
168.06971740723	-1900.6630859375
168.19467163086	-1867.2583007812
168.31962585449	-1840.1230468750
168.44459533691	-1820.4213867188
168.56954956055	-1800.7220458984
168.69450378418	-1781.0228271484
168.81947326660	-1761.7355957031
168.94442749023	-1749.2883300781
169.06938171387	-1736.8411865234
169.19435119629	-1724.3923339844
169.31930541992	-1716.4937744141
169.44425964355	-1709.1630859375
169.56921386719	-1701.8325195312
169.69418334961	-1697.7888183594
169.81913757324	-1695.0192871094
169.94409179688	-1692.2497558594
170.06906127930	-1691.9042968750
170.19401550293	-1693.5214843750
170.31896972656	-1695.1386718750
170.44393920898	-1698.5048828125
170.56889343262	-1704.6699218750
170.69384765625	-1710.8349609375
170.81881713867	-1718.0957031250
170.94377136230	-1729.3212890625
171.06872558594	-1740.5468750000
171.19367980957	-1752.1157226562
171.31864929199	-1770.4808349609
171.44360351562	-1788.8436279297
171.56855773926	-1807.2064208984
171.69352722168	-1825.5714111328
171.81848144531	-1852.6284179688
171.94343566895	-1884.4121093750
172.06840515137	-1916.1994628906
172.19335937500	-1947.9831542969
172.31831359863	-1979.7667236328
172.44326782227	-2011.5502929688
172.56823730469	-2057.5510253906
172.69319152832	-2115.3613281250
172.81814575195	-2173.1713867188
172.94311523438	-2230.9887695312
173.06806945801	-2288.7988281250
173.19302368164	-2346.6093750000
173.31799316406	-2422.1528320312
173.44294738770	-2519.8537597656
173.56790161133	-2617.5544433594
173.69287109375	-2715.2670898438
173.81782531738	-2814.8686523438
173.94277954102	-2955.8120117188
174.06773376465	-3096.7553710938
174.19270324707	-3237.7160644531
174.31765747070	-3412.2937011719
174.44261169434	-3591.6411132812
174.56758117676	-3771.0102539062
174.69253540039	-3938.0187988281
174.81748962402	-4099.9301757812
174.94245910645	-4261.8613281250
175.06741333008	-4246.6020507812
175.19236755371	-4080.1186523438
175.31733703613	-3913.6145019531
175.44229125977	-3740.6596679688
175.56724548340	-3556.7509765625
175.69219970703	-3372.8422851562
175.81716918945	-3196.7136230469
175.94212341309	-3051.2041015625
176.06707763672	-2905.6945800781
176.19204711914	-2761.6811523438
176.31700134277	-2659.3701171875
176.44195556641	-2557.0590820312
176.56692504883	-2454.7353515625
176.69187927246	-2352.4243164062
176.81683349609	-2275.3666992188
176.94180297852	-2212.8400878906
177.06675720215	-2150.3212890625
177.19171142578	-2087.8022460938
177.31666564941	-2025.2832031250
177.44163513184	-1962.7565917969
177.56658935547	-1914.0175781250
177.69154357910	-1877.3564453125
177.81651306152	-1840.6906738281
177.94146728516	-1804.0295410156
178.06642150879	-1767.3682861328
178.19139099121	-1730.7026367188
178.31634521484	-1699.7246093750
178.44129943848	-1676.2441406250
178.56625366211	-1652.7636718750
178.69122314453	-1629.2802734375
178.81617736816	-1606.0112304688
178.94113159180	-1589.4086914062
179.06610107422	-1572.8041992188
179.19105529785	-1556.2016601562
179.31600952148	-1543.7187500000
179.44097900391	-1531.8905029297
179.56593322754	-1520.0637207031
179.69088745117	-1511.1254882812
179.81585693359	-1503.4569091797
179.94081115723	-1495.7895507812
180.06576538086	-1490.1604003906
180.19071960449	-1486.3660888672
180.31568908691	-1482.5711669922
180.44064331055	-1480.1650390625
180.56559753418	-1480.2465820312
180.69056701660	-1480.3281250000
180.81552124023	-1481.2091064453
180.94047546387	-1485.4976806641
181.06544494629	-1489.7867431641
181.19039916992	-1494.2026367188
181.31535339355	-1504.3183593750
181.44032287598	-1514.4350585938
181.56527709961	-1524.5505371094
181.69023132324	-1534.6661376953
181.81518554688	-1551.4594726562
181.94015502930	-1572.3229980469
182.06510925293	-1593.1839599609
182.19006347656	-1614.0449218750
182.31503295898	-1634.9084472656
182.43998718262	-1655.7695312500
182.56494140625	-1687.2644042969
182.68991088867	-1728.5911865234
182.81486511230	-1769.9128417969
182.93981933594	-1811.2346191406
183.06478881836	-1852.5614013672
183.18974304199	-1893.8831787109
183.31469726562	-1948.3200683594
183.43965148926	-2021.0178222656
183.56462097168	-2093.7246093750
183.68957519531	-2166.4223632812
183.81452941895	-2239.7167968750
183.93949890137	-2346.3544921875
184.06445312500	-2452.9794921875
184.18940734863	-2559.6040039062
184.31437683105	-2691.8344726562
184.43933105469	-2828.5842285156
184.56428527832	-2965.3339843750
184.68923950195	-3092.7653808594
184.81420898438	-3215.8525390625
184.93916320801	-3338.9248046875
185.06411743164	-3329.9218750000
185.18908691406	-3195.5849609375
185.31404113770	-3061.2646484375
185.43899536133	-2922.2280273438
185.56396484375	-2774.2182617188
185.68891906738	-2626.2268066406
185.81387329102	-2483.5507812500
185.93884277344	-2365.6069335938
186.06379699707	-2247.6774902344
186.18875122070	-2130.0410156250
186.31370544434	-2045.9399414062
186.43867492676	-1961.8283691406
186.56362915039	-1877.7271728516
186.68858337402	-1793.6259765625
186.81355285645	-1728.4826660156
186.93850708008	-1675.5598144531
187.06346130371	-1622.6370849609
187.18843078613	-1569.7078857422
187.31338500977	-1516.7851562500
187.43833923340	-1463.8623046875
187.56330871582	-1421.0935058594
187.68826293945	-1388.2249755859
187.81321716309	-1355.3564453125
187.93817138672	-1322.4877929688
188.06314086914	-1289.6152343750
188.18809509277	-1256.7465820312
188.31304931641	-1227.9714355469
188.43801879883	-1205.2119140625
188.56297302246	-1182.4552001953
188.68792724609	-1159.6984863281
188.81289672852	-1136.9621582031
188.93785095215	-1119.3586425781
189.06280517578	-1101.7551269531
189.18777465820	-1084.1494140625
189.31272888184	-1069.4482421875
189.43768310547	-1055.3149414062
189.56263732910	-1041.1816406250
189.68760681152	-1028.9962158203
189.81256103516	-1017.7806396484
189.93751525879	-1006.5650634766
190.06248474121	-996.64978027344
190.18743896484	-988.03735351562
190.31239318848	-979.42498779297
190.43736267090	-971.63574218750
190.56231689453	-965.50646972656
190.68727111816	-959.37731933594
190.81222534180	-953.66711425781
190.93719482422	-950.09771728516
191.06214904785	-946.52868652344
191.18710327148	-942.95971679688
191.31207275391	-942.73864746094
191.43702697754	-942.53271484375
191.56198120117	-942.32678222656
191.68695068359	-942.12084960938
191.81190490723	-945.43835449219
191.93685913086	-951.15209960938
192.06182861328	-956.86669921875
192.18678283691	-962.58056640625
192.31173706055	-968.29437255859
192.43669128418	-974.00817871094
192.56166076660	-985.18481445312
192.68661499023	-1001.9675292969
192.81156921387	-1018.7502441406
192.93653869629	-1035.5349121094
193.06149291992	-1052.3176269531
193.18644714355	-1069.1003417969
193.31141662598	-1092.3923339844
193.43637084961	-1125.7858886719
193.56132507324	-1159.1794433594
193.68629455566	-1192.5769042969
193.81124877930	-1225.9704589844
193.93620300293	-1277.1411132812
194.06115722656	-1328.4670410156
194.18612670898	-1379.7993164062
194.31108093262	-1444.2224121094
194.43603515625	-1511.4589843750
194.56100463867	-1578.7036132812
194.68595886230	-1641.2324218750
194.81091308594	-1701.2819824219
194.93588256836	-1761.3388671875
195.06083679199	-1755.3150634766
195.18579101562	-1679.6550292969
195.31076049805	-1603.9858398438
195.43571472168	-1526.0300292969
195.56066894531	-1443.1676025391
195.68562316895	-1360.3050537109
195.81059265137	-1279.8156738281
195.93554687500	-1212.7817382812
196.06050109863	-1145.7476806641
196.18547058105	-1078.7055664062
196.31042480469	-1029.1556396484
196.43537902832	-979.91870117188
196.56034851074	-930.67572021484
196.68530273438	-881.43878173828
196.81025695801	-841.70166015625
196.93521118164	-808.78735351562
197.06018066406	-775.86914062500
197.18513488770	-742.95483398438
197.31008911133	-710.04058837891
197.43505859375	-677.12231445312
197.56001281738	-649.19226074219
197.68496704102	-626.65588378906
197.80993652344	-604.11669921875
197.93489074707	-581.58026123047
198.05984497070	-559.04382324219
198.18481445312	-536.50463867188
198.30976867676	-515.87048339844
198.43472290039	-498.35891723633
198.55967712402	-480.84735107422
198.68464660645	-463.33370971680
198.80960083008	-445.82217407227
198.93455505371	-430.67010498047
199.05952453613	-415.56887817383
199.18447875977	-400.46948242188
199.30943298340	-386.58734130859
199.43440246582	-372.98907470703
199.55935668945	-359.39245605469
199.68431091309	-346.51367187500
199.80928039551	-334.03393554688
199.93423461914	-321.55572509766
200.05918884277	-309.47015380859
200.18414306641	-297.82077026367
200.30911254883	-286.16995239258
200.43406677246	-274.70248413086
200.55902099609	-263.64849853516
200.68399047852	-252.59310913086
200.80894470215	-241.59466552734
200.93389892578	-230.94519042969
201.05886840820	-220.29437255859
201.18382263184	-209.64489746094
201.30877685547	-199.25079345703
201.43374633789	-188.86352539062
201.55870056152	-178.47753906250
201.68365478516	-168.09152221680
201.80860900879	-157.70057678223
201.93357849121	-147.30459594727
202.05853271484	-136.90988159180
202.18348693848	-126.51516723633
202.30845642090	-116.11918640137
202.43341064453	-105.72447967529
202.55836486816	-95.038101196289
202.68333435059	-84.017623901367
202.80828857422	-72.998489379883
202.93324279785	-61.979347229004
203.05819702148	-50.960212707520
203.18316650391	-39.939731597900
203.30812072754	-28.451517105103
203.43307495117	-16.148532867432
203.55804443359	-3.8440456390381
203.68299865723	8.4589385986328
203.80795288086	20.761922836304
203.93292236328	34.515041351318
204.05787658691	48.319076538086
204.18283081055	62.123123168945
204.30780029297	77.013763427734
204.43275451660	92.179183959961
204.55770874023	107.34460449219
204.68266296387	122.12081146240
204.80763244629	136.66888427734
204.93258666992	151.21517944336
205.05754089355	160.21691894531
205.18251037598	162.72311401367
205.30746459961	165.22901916504
205.43241882324	167.55017089844
205.55738830566	169.42431640625
205.68234252930	171.29824829102
205.80729675293	173.35012817383
205.93226623535	176.65744018555
206.05722045898	179.96434020996
206.18217468262	183.27125549316
206.30712890625	188.17166137695
206.43209838867	193.14595031738
206.55705261230	198.11962890625
206.68200683594	203.09332275391
206.80697631836	208.99276733398
206.93193054199	215.63117980957
207.05688476562	222.26959228516
207.18185424805	228.90881347656
207.30680847168	235.54724121094
207.43176269531	242.18563842773
207.55673217773	249.39918518066
207.68168640137	257.30255126953
207.80664062500	265.20593261719
207.93159484863	273.10931396484
208.05656433105	281.01367187500
208.18151855469	288.91705322266
208.30647277832	297.17547607422
208.43144226074	306.08816528320
208.55639648438	314.99975585938
208.68135070801	323.91131591797
208.80632019043	332.82400512695
208.93127441406	342.48510742188
209.05622863770	352.18405151367
209.18118286133	361.88302612305
209.30615234375	372.16726684570
209.43110656738	382.61151123047
209.55606079102	393.05572509766
209.68103027344	404.05285644531
209.80598449707	415.39315795898
209.93093872070	426.73345947266
210.05590820312	438.57672119141
210.18086242676	451.03796386719
210.30581665039	463.49923706055
210.43078613281	476.36340332031
210.55574035645	490.26196289062
210.68069458008	504.16049194336
210.80564880371	518.26568603516
210.93061828613	534.02789306641
211.05557250977	549.78820800781
211.18052673340	565.54846191406
211.30549621582	584.04687500000
211.43045043945	602.70886230469
211.55540466309	621.37084960938
211.68037414551	640.03515625000
211.80532836914	661.92041015625
211.93028259277	686.52343750000
212.05525207520	711.12939453125
212.18020629883	735.73242187500
212.30516052246	760.33538818359
212.43011474609	784.93835449219
212.55508422852	814.88787841797
212.68003845215	851.61224365234
212.80499267578	888.33654785156
212.92996215820	925.06542968750
213.05491638184	961.78979492188
213.17987060547	998.51409912109
213.30484008789	1041.6800537109
213.42979431152	1097.3864746094
213.55474853516	1153.0930175781
213.67971801758	1208.8063964844
213.80467224121	1264.5129394531
213.92962646484	1339.6662597656
214.05458068848	1416.0895996094
214.17955017090	1492.5224609375
214.30450439453	1583.1505126953
214.42945861816	1678.0085449219
214.55442810059	1772.8781738281
214.67938232422	1862.6868896484
214.80433654785	1949.1628417969
214.92930603027	2035.6492919922
215.05426025391	2053.5649414062
215.17921447754	1982.1560058594
215.30418395996	1910.7382812500
215.42913818359	1837.0966796875
215.55409240723	1757.2976074219
215.67904663086	1677.4982910156
215.80401611328	1599.5019531250
215.92897033691	1538.2103271484
216.05392456055	1476.9188232422
216.17889404297	1415.6198730469
216.30384826660	1373.7270507812
216.42880249023	1333.2993164062
216.55377197266	1292.8665771484
216.67872619629	1252.4388427734
216.80368041992	1222.2355957031
216.92863464355	1201.1225585938
217.05360412598	1180.0069580078
217.17855834961	1158.8937988281
217.30351257324	1137.7807617188
217.42848205566	1116.6650390625
217.55343627930	1101.0145263672
217.67839050293	1092.6749267578
217.80335998535	1084.3342285156
217.92831420898	1075.9946289062
218.05326843262	1067.6550292969
218.17823791504	1059.3144531250
218.30319213867	1053.2031250000
218.42814636230	1051.7006835938
218.55310058594	1050.1984863281
218.67807006836	1048.6959228516
218.80302429199	1047.1936035156
218.92797851562	1049.2312011719
219.05294799805	1051.5541992188
219.17790222168	1053.8769531250
219.30285644531	1058.3620605469
219.42782592773	1063.5407714844
219.55278015137	1068.7187500000
219.67773437500	1075.5151367188
219.80270385742	1083.4406738281
219.92765808105	1091.3653564453
220.05261230469	1100.4895019531
220.17756652832	1111.2629394531
220.30253601074	1122.0375976562
220.42749023438	1133.6103515625
220.55244445801	1147.5444335938
220.67741394043	1161.4804687500
220.80236816406	1175.7302246094
220.92732238770	1193.3854980469
221.05229187012	1211.0428466797
221.17724609375	1228.6979980469
221.30220031738	1251.3793945312
221.42716979980	1274.5207519531
221.55212402344	1297.6594238281
221.67707824707	1320.7980957031
221.80203247070	1349.4714355469
221.92700195312	1383.3366699219
222.05195617676	1417.1977539062
222.17691040039	1451.0589599609
222.30187988281	1484.9241943359
222.42683410645	1518.7852783203
222.55178833008	1561.4849853516
222.67675781250	1616.6785888672
222.80171203613	1671.8654785156
222.92666625977	1727.0522460938
223.05162048340	1782.2390136719
223.17658996582	1837.4326171875
223.30154418945	1902.9299316406
223.42649841309	1991.0855712891
223.55146789551	2079.2519531250
223.67642211914	2167.4074707031
223.80137634277	2255.5629882812
223.92634582520	2376.3779296875
224.05130004883	2500.3144531250
224.17625427246	2624.2512207031
224.30122375488	2771.8840332031
224.42617797852	2927.6374511719
224.55113220215	3083.3908691406
224.67608642578	3230.8173828125
224.80105590820	3372.1323242188
224.92601013184	3513.4296875000
225.05096435547	3543.6323242188
225.17593383789	3412.5312500000
225.30088806152	3281.4458007812
225.42584228516	3146.8979492188
225.55081176758	3001.3491210938
225.67576599121	2855.8183593750
225.80072021484	2712.5688476562
225.92568969727	2598.9101562500
226.05064392090	2485.2651367188
226.17559814453	2371.6201171875
226.30055236816	2290.3989257812
226.42552185059	2212.6357421875
226.55047607422	2134.8815917969
226.67543029785	2057.1274414062
226.80039978027	1996.0483398438
226.92535400391	1951.4565429688
227.05030822754	1906.8646240234
227.17527770996	1862.2673339844
227.30023193359	1817.6755371094
227.42518615723	1773.0837402344
227.55015563965	1737.2006835938
227.67510986328	1714.3188476562
227.80006408691	1691.4370117188
227.92501831055	1668.5551757812
228.04998779297	1645.6705322266
228.17494201660	1622.7886962891
228.29989624023	1603.3037109375
228.42486572266	1591.7608642578
228.54981994629	1580.2194824219
228.67477416992	1568.6779785156
228.79974365234	1557.1350097656
228.92469787598	1551.1015625000
229.04965209961	1545.6853027344
229.17460632324	1540.2690429688
229.29957580566	1538.0800781250
229.42453002930	1537.0791015625
229.54948425293	1536.0781250000
229.67445373535	1537.3525390625
229.79940795898	1540.3937988281
229.92436218262	1543.4351806641
230.04933166504	1548.0527343750
230.17428588867	1555.0856933594
230.29924011230	1562.1186523438
230.42420959473	1570.1221923828
230.54916381836	1581.4338378906
230.67411804199	1592.7454833984
230.79907226562	1604.3413085938
230.92404174805	1620.5233154297
231.04899597168	1636.7033691406
231.17395019531	1652.8831787109
231.29891967773	1675.3239746094
231.42387390137	1698.5335693359
231.54882812500	1721.7431640625
231.67379760742	1744.9555664062
231.79875183105	1774.7468261719
231.92370605469	1811.3903808594
232.04867553711	1848.0384521484
232.17362976074	1884.6818847656
232.29858398438	1921.3254394531
232.42353820801	1957.9689941406
232.54850769043	2004.8283691406
232.67346191406	2067.7758789062
232.79841613770	2130.7231445312
232.92338562012	2193.6782226562
233.04833984375	2256.6259765625
233.17329406738	2319.5732421875
233.29826354980	2394.1450195312
233.42321777344	2497.6418457031
233.54817199707	2601.1386718750
233.67314147949	2704.6479492188
233.79809570312	2808.1447753906
233.92304992676	2950.5717773438
234.04800415039	3098.0043945312
234.17297363281	3245.4548339844
234.29792785645	3420.9213867188
234.42288208008	3607.4030761719
234.54785156250	3793.9077148438
234.67280578613	3970.6308593750
234.79776000977	4139.3623046875
234.92272949219	4308.1147460938
235.04768371582	4349.3300781250
235.17263793945	4183.9072265625
235.29759216309	4018.4843750000
235.42256164551	3849.2539062500
235.54751586914	3666.0861816406
235.67247009277	3482.9184570312
235.79743957520	3301.4990234375
235.92239379883	3157.4111328125
236.04734802246	3013.3232421875
236.17231750488	2869.2177734375
236.29727172852	2763.7236328125
236.42222595215	2663.6350097656
236.54719543457	2563.5341796875
236.67214965820	2463.4453125000
236.79710388184	2382.7236328125
236.92205810547	2323.2592773438
237.04702758789	2263.7875976562
237.17198181152	2204.3229980469
237.29693603516	2144.8586425781
237.42190551758	2085.3867187500
237.54685974121	2035.8354492188
237.67181396484	2002.8044433594
237.79678344727	1969.7695312500
237.92173767090	1936.7385253906
238.04669189453	1903.7075195312
238.17166137695	1870.6726074219
238.29661560059	1841.3676757812
238.42156982422	1821.9705810547
238.54652404785	1802.5734863281
238.67149353027	1783.1740722656
238.79644775391	1763.7769775391
238.92140197754	1750.6777343750
239.04637145996	1738.4940185547
239.17132568359	1726.3117675781
239.29627990723	1717.7175292969
239.42124938965	1710.6256103516
239.54620361328	1703.5346679688
239.67115783691	1698.8903808594
239.79612731934	1696.3591308594
239.92108154297	1693.8281250000
240.04603576660	1692.9150390625
240.17098999023	1694.7756347656
240.29595947266	1696.6364746094
240.42091369629	1699.4108886719
240.54586791992	1705.8339843750
240.67083740234	1712.2578125000
240.79579162598	1718.8437500000
240.92074584961	1730.3397216797
241.04571533203	1741.8371582031
241.17066955566	1753.3330078125
241.29562377930	1771.0126953125
241.42057800293	1789.6658935547
241.54554748535	1808.3214111328
241.67050170898	1826.9746093750
241.79545593262	1851.8796386719
241.92042541504	1884.0238037109
242.04537963867	1916.1638183594
242.17033386230	1948.3039550781
242.29530334473	1980.4479980469
242.42025756836	2012.5881347656
242.54521179199	2054.2031250000
242.67018127441	2112.5361328125
242.79513549805	2170.8623046875
242.92008972168	2229.1879882812
243.04504394531	2287.5141601562
243.17001342773	2345.8471679688
243.29496765137	2414.6054687500
243.41992187500	2513.0390625000
243.54489135742	2611.4846191406
243.66984558105	2709.9182128906
243.79479980469	2808.3515625000
243.91976928711	2944.1782226562
244.04472351074	3086.0876464844
244.16967773438	3227.9970703125
244.29464721680	3396.6406250000
244.41960144043	3577.1770019531
244.54455566406	3757.7133789062
244.66950988770	3929.0788574219
244.79447937012	4092.1127929688
244.91943359375	4255.1269531250
245.04438781738	4300.8466796875
245.16935729980	4133.6499023438
245.29431152344	3966.4736328125
245.41926574707	3796.0180664062
245.54423522949	3611.2915039062
245.66918945312	3426.5876464844
245.79414367676	3242.6142578125
245.91911315918	3096.4948730469
246.04406738281	2950.3935546875
246.16900634766	2804.3095703125
246.29397583008	2695.1306152344
246.41894531250	2592.4423828125
246.54388427734	2489.7792968750
246.66885375977	2387.0908203125
246.79382324219	2302.4458007812
246.91876220703	2239.8198242188
247.04373168945	2177.1787109375
247.16870117188	2114.5375976562
247.29364013672	2051.9116210938
247.41860961914	1989.2705078125
247.54357910156	1935.6945800781
247.66851806641	1899.0579833984
247.79348754883	1862.4124755859
247.91845703125	1825.7670898438
248.04339599609	1789.1303710938
248.16836547852	1752.4848632812
248.29333496094	1719.1105957031
248.41827392578	1695.7198486328
248.54324340820	1672.3234863281
248.66821289062	1648.9272460938
248.79315185547	1625.5366210938
248.91812133789	1607.9809570312
249.04309082031	1591.4831542969
249.16802978516	1574.9895019531
249.29299926758	1561.7406005859
249.41796875000	1550.0317382812
249.54290771484	1538.3259277344
249.66787719727	1528.7548828125
249.79284667969	1521.2351074219
249.91778564453	1513.7170410156
250.04275512695	1507.5400390625
250.16772460938	1503.9455566406
250.29266357422	1500.3518066406
250.41763305664	1497.4428710938
250.54260253906	1497.7917480469
250.66754150391	1498.1405029297
250.79248046875	1498.5133056641
250.91748046875	1503.1486816406
251.04241943359	1507.7817382812
251.16735839844	1512.4147949219
251.29235839844	1522.0087890625
251.41729736328	1532.5604248047
251.54223632812	1543.1120605469
251.66723632812	1553.6688232422
251.79217529297	1568.9982910156
251.91711425781	1590.4713134766
252.04211425781	1611.9548339844
252.16705322266	1633.4279785156
252.29199218750	1654.9010009766
252.41696166992	1676.3792724609
252.54193115234	1704.8784179688
252.66687011719	1747.2706298828
252.79183959961	1789.6733398438
252.91680908203	1832.0759277344
253.04174804688	1874.4682617188
253.16671752930	1916.8708496094
253.29168701172	1966.7376708984
253.41662597656	2041.0614013672
253.54159545898	2115.4033203125
253.66656494141	2189.7451171875
253.79150390625	2264.0688476562
253.91647338867	2367.1987304688
254.04144287109	2476.0815429688
254.16638183594	2584.9372558594
254.29135131836	2714.2358398438
254.41632080078	2853.8093261719
254.54125976562	2993.3488769531
254.66622924805	3125.9887695312
254.79119873047	3251.6164550781
254.91613769531	3377.2133789062
255.04110717773	3416.6044921875
255.16607666016	3280.0649414062
255.29101562500	3143.5590820312
255.41598510742	3004.7805175781
255.54095458984	2854.3071289062
255.66589355469	2703.8706054688
255.79086303711	2553.3969726562
255.91583251953	2433.3376464844
256.04077148438	2313.5317382812
256.16574096680	2193.6967773438
256.29067993164	2102.2883300781
256.41564941406	2016.9088134766
256.54061889648	1931.5292968750
256.66555786133	1846.1704101562
256.79052734375	1774.2474365234
256.91549682617	1720.5916748047
257.04043579102	1666.9490966797
257.16540527344	1613.2934570312
257.29037475586	1559.6376953125
257.41531372070	1505.9951171875
257.54028320312	1458.9329833984
257.66525268555	1425.7324218750
257.79019165039	1392.5397949219
257.91516113281	1359.3391113281
258.04013061523	1326.1385498047
258.16506958008	1292.9460449219
258.29003906250	1262.0192871094
258.41500854492	1239.1311035156
258.53994750977	1216.2485351562
258.66491699219	1193.3602294922
258.78988647461	1170.4719238281
258.91482543945	1151.8952636719
259.03979492188	1134.2565917969
259.16473388672	1116.6221923828
259.28970336914	1101.2834472656
259.41467285156	1087.1724853516
259.53961181641	1073.0649414062
259.66458129883	1060.4011230469
259.78955078125	1049.2803955078
259.91448974609	1038.1623535156
260.03945922852	1027.8859863281
260.16442871094	1019.4399414062
260.28936767578	1010.9957885742
260.41433715820	1002.9287109375
260.53930664062	997.05273437500
260.66424560547	991.17822265625
260.78921508789	985.30224609375
260.91418457031	982.02319335938
261.03912353516	978.79931640625
261.16409301758	975.57470703125
261.28906250000	975.19360351562
261.41400146484	975.47406005859
261.53897094727	975.75457763672
261.66394042969	976.03509521484
261.78887939453	978.86657714844
261.91384887695	985.35412597656
262.03881835938	991.84167480469
262.16375732422	998.32757568359
262.28872680664	1004.8151245117
262.41366577148	1011.3010253906
262.53863525391	1021.3765869141
262.66360473633	1039.4697265625
262.78854370117	1057.5583496094
262.91351318359	1075.6516113281
263.03848266602	1093.7446289062
263.16342163086	1111.8334960938
263.28839111328	1133.5477294922
263.41336059570	1169.1071777344
263.53829956055	1204.6580810547
263.66326904297	1240.2175292969
263.78823852539	1275.7769775391
263.91317749023	1326.5089111328
264.03814697266	1380.8781738281
264.16311645508	1435.2475585938
264.28805541992	1500.2709960938
264.41302490234	1571.3383789062
264.53799438477	1642.4060058594
264.66293334961	1709.8886718750
264.78790283203	1773.3789062500
264.91287231445	1836.8692626953
265.03781127930	1857.2408447266
265.16278076172	1778.2713623047
265.28771972656	1699.3210449219
265.41268920898	1619.3349609375
265.53765869141	1532.7973632812
265.66259765625	1446.2807617188
265.78756713867	1359.7429199219
265.91253662109	1289.2590332031
266.03747558594	1219.3519287109
266.16244506836	1149.4278564453
266.28741455078	1094.4118652344
266.41235351562	1043.1811523438
266.53732299805	991.93798828125
266.66229248047	940.69470214844
266.78723144531	896.28649902344
266.91220092773	862.19384765625
267.03717041016	828.10107421875
267.16210937500	794.01672363281
267.28707885742	759.92395019531
267.41204833984	725.83129882812
267.53698730469	694.98187255859
267.66195678711	671.81921386719
267.78692626953	648.65655517578
267.91186523438	625.49957275391
268.03683471680	602.33691406250
268.16180419922	579.17431640625
268.28674316406	557.05004882812
268.41171264648	539.20703125000
268.53665161133	521.36840820312
268.66162109375	503.52539062500
268.78659057617	485.68237304688
268.91152954102	469.87396240234
269.03649902344	454.58825683594
269.16146850586	439.30261230469
269.28640747070	425.02120971680
269.41137695312	411.33480834961
269.53634643555	397.64837646484
269.66128540039	384.52154541016
269.78625488281	372.05047607422
269.91122436523	359.57946777344
270.03616333008	347.37911987305
270.16113281250	335.83288574219
270.28610229492	324.28668212891
270.41104125977	312.82745361328
270.53601074219	301.97619628906
270.66098022461	291.12500000000
270.78591918945	280.27642822266
270.91088867188	269.90692138672
271.03585815430	259.56109619141
271.16079711914	249.21781921387
271.28576660156	239.19792175293
271.41070556641	229.26977539062
271.53567504883	219.33921813965
271.66064453125	209.40866088867
271.78558349609	199.59771728516
271.91055297852	189.97189331055
272.03552246094	180.34606933594
272.16046142578	170.72259521484
272.28543090820	161.09677124023
272.41040039062	151.47094726562
272.53533935547	141.84759521484
272.66030883789	132.22225952148
272.78527832031	122.59694671631
272.91021728516	112.97396850586
273.03518676758	103.34864044189
273.16015625000	93.723312377930
273.28509521484	84.019714355469
273.41006469727	73.948852539062
273.53503417969	63.877983093262
273.65997314453	53.809577941895
273.78494262695	43.738716125488
273.90991210938	33.247634887695
274.03485107422	22.641281127930
274.15982055664	12.032338142395
274.28479003906	1.1099972724915
274.40972900391	-10.007732391357
274.53469848633	-21.128177642822
274.65963745117	-32.139396667480
274.78460693359	-43.020202636719
274.90957641602	-53.901012420654
275.03451538086	-63.489620208740
275.15948486328	-69.701400756836
275.28445434570	-75.913177490234
275.40939331055	-82.097320556641
275.53436279297	-88.067131042480
275.65933227539	-94.036926269531
275.78427124023	-100.00527954102
275.90924072266	-106.51161956787
276.03421020508	-113.05224609375
276.15914916992	-119.59128570557
276.28411865234	-126.66259765625
276.40908813477	-133.89094543457
276.53402709961	-141.11752319336
276.65899658203	-148.34585571289
276.78396606445	-155.85023498535
276.90890502930	-163.81930541992
277.03387451172	-171.79031372070
277.15884399414	-179.76132202148
277.28378295898	-187.73040771484
277.40875244141	-195.70141601562
277.53369140625	-203.85211181641
277.65866088867	-212.49681091309
277.78363037109	-221.14151000977
277.90856933594	-229.78408813477
278.03353881836	-238.42880249023
278.15850830078	-247.07348632812
278.28344726562	-255.83642578125
278.40841674805	-265.19842529297
278.53338623047	-274.56048583984
278.65832519531	-283.92022705078
278.78329467773	-293.28222656250
278.90826416016	-303.14633178711
279.03320312500	-313.15985107422
279.15817260742	-323.17578125000
279.28314208984	-333.58370971680
279.40808105469	-344.25085449219
279.53305053711	-354.92059326172
279.65802001953	-365.93481445312
279.78295898438	-377.40014648438
279.90792846680	-388.86828613281
280.03289794922	-400.60406494141
280.15783691406	-413.08584594727
280.28280639648	-425.57067871094
280.40777587891	-438.18090820312
280.53271484375	-451.98272705078
280.65768432617	-465.78790283203
280.78262329102	-479.58972167969
280.90759277344	-495.01135253906
281.03256225586	-510.56076049805
281.15750122070	-526.10632324219
281.28247070312	-543.74560546875
281.40744018555	-562.05023193359
281.53237915039	-580.35040283203
281.65734863281	-598.65502929688
281.78231811523	-618.99676513672
281.90725708008	-642.97802734375
282.03222656250	-666.96520996094
282.15719604492	-690.95227050781
282.28213500977	-714.93359375000
282.40710449219	-738.92065429688
282.53207397461	-765.89526367188
282.65701293945	-801.51367187500
282.78198242188	-837.14086914062
282.90695190430	-872.76800537109
283.03189086914	-908.38641357422
283.15686035156	-944.01354980469
283.28182983398	-982.45935058594
283.40676879883	-1036.2791748047
283.53173828125	-1090.1120605469
283.65667724609	-1143.9318847656
283.78164672852	-1197.7648925781
283.90661621094	-1266.5693359375
284.03155517578	-1340.2250976562
284.15652465820	-1413.8989257812
284.28149414062	-1497.9316406250
284.40643310547	-1589.2504882812
284.53140258789	-1680.5915527344
284.65637207031	-1768.5686035156
284.78131103516	-1851.8471679688
284.90628051758	-1935.1459960938
285.03125000000	-1980.6103515625
285.15618896484	-1912.6246337891
285.28115844727	-1844.6223144531
285.40612792969	-1775.9611816406
285.53106689453	-1699.9250488281
285.65603637695	-1623.8703613281
285.78100585938	-1547.8157958984
285.90594482422	-1487.9809570312
286.03091430664	-1429.6606445312
286.15588378906	-1371.3400878906
286.28082275391	-1327.9191894531
286.40579223633	-1289.5708007812
286.53076171875	-1251.2224121094
286.65570068359	-1212.8833007812
286.78067016602	-1180.9282226562
286.90560913086	-1161.0998535156
287.03057861328	-1141.2666015625
287.15554809570	-1121.4333496094
287.28048706055	-1101.6049804688
287.40545654297	-1081.7717285156
287.53042602539	-1064.9260253906
287.65536499023	-1057.3654785156
287.78033447266	-1049.8031005859
287.90530395508	-1042.2408447266
288.03024291992	-1034.6802978516
288.15521240234	-1027.1179199219
288.28018188477	-1020.4890136719
288.40512084961	-1019.5166015625
288.53009033203	-1018.5439453125
288.65505981445	-1017.5713500977
288.77999877930	-1016.5989990234
288.90496826172	-1018.3691406250
289.02993774414	-1021.0959472656
289.15487670898	-1023.8221435547
289.27984619141	-1028.1354980469
289.40481567383	-1033.6302490234
289.52975463867	-1039.1237792969
289.65472412109	-1045.6961669922
289.77966308594	-1053.8488769531
289.90463256836	-1062.0035400391
290.02960205078	-1070.8127441406
290.15454101562	-1081.7275390625
290.27951049805	-1092.6451416016
290.40447998047	-1103.7736816406
290.52941894531	-1117.7619628906
290.65438842773	-1131.7536621094
290.77935791016	-1145.7452392578
290.90429687500	-1163.0129394531
291.02926635742	-1180.6469726562
291.15423583984	-1198.2810058594
291.27917480469	-1219.8575439453
291.40414428711	-1242.8828125000
291.52911376953	-1265.9079589844
291.65405273438	-1288.9274902344
291.77902221680	-1315.4588623047
291.90399169922	-1349.0412597656
292.02893066406	-1382.6154785156
292.15390014648	-1416.1979980469
292.27886962891	-1449.7803955078
292.40380859375	-1483.3547363281
292.52877807617	-1521.7531738281
292.65374755859	-1576.2495117188
292.77868652344	-1630.7324218750
292.90365600586	-1685.2287597656
293.02859497070	-1739.7116699219
293.15356445312	-1794.2080078125
293.27853393555	-1852.8725585938
293.40347290039	-1939.7985839844
293.52844238281	-2026.7458496094
293.65341186523	-2113.6933593750
293.77835083008	-2200.6191406250
293.90332031250	-2313.2207031250
294.02828979492	-2435.3977050781
294.15322875977	-2557.5449218750
294.27819824219	-2697.2648925781
294.40316772461	-2850.7714843750
294.52810668945	-3004.2407226562
294.65307617188	-3152.1696777344
294.77804565430	-3291.4462890625
294.90298461914	-3430.6887207031
295.02795410156	-3510.0141601562
295.15292358398	-3381.2775878906
295.27786254883	-3252.5727539062
295.40283203125	-3123.0468750000
295.52780151367	-2980.0715332031
295.65274047852	-2837.1311035156
295.77770996094	-2694.1557617188
295.90264892578	-2579.0429687500
296.02761840820	-2467.4335937500
296.15258789062	-2355.8244628906
296.27752685547	-2269.6284179688
296.40249633789	-2193.3300781250
296.52746582031	-2117.0317382812
296.65240478516	-2040.7519531250
296.77737426758	-1974.8623046875
296.90234375000	-1931.2010498047
297.02728271484	-1887.5505371094
297.15225219727	-1843.8892822266
297.27722167969	-1800.2280273438
297.40216064453	-1756.5773925781
297.52713012695	-1717.5666503906
297.65209960938	-1695.3266601562
297.77703857422	-1673.0922851562
297.90200805664	-1650.8522949219
298.02697753906	-1628.6124267578
298.15191650391	-1606.3779296875
298.27688598633	-1585.4250488281
298.40185546875	-1574.3505859375
298.52679443359	-1563.2786865234
298.65176391602	-1552.2041015625
298.77673339844	-1541.1296386719
298.90167236328	-1534.3604736328
299.02664184570	-1529.3034667969
299.15158081055	-1524.2475585938
299.27655029297	-1521.5617675781
299.40151977539	-1520.8414306641
299.52645874023	-1520.1213378906
299.65142822266	-1520.9162597656
299.77639770508	-1524.1966552734
299.90133666992	-1527.4763183594
300.02630615234	-1531.5915527344
300.15127563477	-1538.8371582031
300.27621459961	-1546.0810546875
300.40118408203	-1553.5059814453
300.52615356445	-1564.9916992188
300.65109252930	-1576.4746093750
300.77606201172	-1587.9602050781
300.90103149414	-1603.6855468750
301.02597045898	-1620.0166015625
301.15093994141	-1636.3518066406
301.27590942383	-1657.6263427734
301.40084838867	-1680.9523925781
301.52581787109	-1704.2839355469
301.65078735352	-1727.6157226562
301.77572631836	-1755.0344238281
301.90069580078	-1791.7521972656
302.02563476562	-1828.4609375000
302.15060424805	-1865.1788330078
302.27557373047	-1901.8967285156
302.40051269531	-1938.6054687500
302.52548217773	-1980.6568603516
302.65045166016	-2043.5314941406
302.77539062500	-2106.3906250000
302.90036010742	-2169.2653808594
303.02532958984	-2232.1398925781
303.15026855469	-2294.9990234375
303.27523803711	-2361.9956054688
303.40020751953	-2465.2500000000
303.52514648438	-2568.4794921875
303.65011596680	-2671.7338867188
303.77508544922	-2774.9882812500
303.90002441406	-2908.9248046875
304.02499389648	-3055.9318847656
304.14996337891	-3202.9392089844
304.27490234375	-3370.6652832031
304.39987182617	-3556.5698242188
304.52484130859	-3742.4743652344
304.64978027344	-3921.8681640625
304.77474975586	-4090.0871582031
304.89971923828	-4258.3061523438
305.02465820312	-4360.8330078125
305.14962768555	-4196.3291015625
305.27456665039	-4031.8654785156
305.39953613281	-3866.8476562500
305.52450561523	-3684.6679687500
305.64944458008	-3502.5329589844
305.77441406250	-3320.3532714844
305.89938354492	-3171.6777343750
306.02432250977	-3028.4438476562
306.14929199219	-2885.1750488281
306.27426147461	-2772.2348632812
306.39920043945	-2672.7670898438
306.52416992188	-2573.2751464844
306.64913940430	-2473.7832031250
306.77407836914	-2386.1479492188
306.89904785156	-2327.1015625000
307.02401733398	-2268.0551757812
307.14895629883	-2209.0234375000
307.27392578125	-2149.9770507812
307.39889526367	-2090.9309082031
307.52383422852	-2036.9235839844
307.64880371094	-2004.2231445312
307.77377319336	-1971.5225830078
307.89871215820	-1938.8300781250
308.02368164062	-1906.1295166016
308.14862060547	-1873.4370117188
308.27359008789	-1841.9462890625
308.39855957031	-1822.8572998047
308.52349853516	-1803.7729492188
308.64846801758	-1784.6838378906
308.77343750000	-1765.5948486328
308.89837646484	-1751.4804687500
309.02334594727	-1739.6086425781
309.14831542969	-1727.7368164062
309.27325439453	-1718.5201416016
309.39822387695	-1711.7448730469
309.52319335938	-1704.9696044922
309.64813232422	-1699.8037109375
309.77310180664	-1697.5909423828
309.89807128906	-1695.3781738281
310.02301025391	-1693.9746093750
310.14797973633	-1696.1538085938
310.27294921875	-1698.3330078125
310.39788818359	-1700.5838623047
310.52285766602	-1707.3093261719
310.64782714844	-1714.0346679688
310.77276611328	-1720.7585449219
310.89773559570	-1731.7900390625
311.02270507812	-1743.5943603516
311.14764404297	-1755.3956298828
311.27261352539	-1772.0815429688
311.39755249023	-1791.0642089844
311.52252197266	-1810.0512695312
311.64749145508	-1829.0385742188
311.77243041992	-1851.8056640625
311.89739990234	-1884.3393554688
312.02236938477	-1916.8730468750
312.14730834961	-1949.3989257812
312.27227783203	-1981.9326171875
312.39724731445	-2014.4663085938
312.52218627930	-2051.6611328125
312.64715576172	-2110.4936523438
312.77212524414	-2169.3261718750
312.89706420898	-2228.1445312500
313.02203369141	-2286.9770507812
313.14700317383	-2345.8095703125
313.27194213867	-2407.6855468750
313.39691162109	-2506.9067382812
313.52188110352	-2606.1284179688
313.64682006836	-2705.3256835938
313.77178955078	-2804.5468750000
313.89675903320	-2933.3144531250
314.02169799805	-3076.2275390625
314.14666748047	-3219.1755371094
314.27160644531	-3381.8002929688
314.39657592773	-3563.6113281250
314.52154541016	-3745.4226074219
314.64648437500	-3921.1967773438
314.77145385742	-4085.3408203125
314.89642333984	-4249.4848632812
315.02136230469	-4356.8095703125
315.14633178711	-4188.7968750000
315.27130126953	-4020.7844238281
315.39624023438	-3852.7651367188
315.52120971680	-3667.1083984375
315.64617919922	-3481.4516601562
315.77111816406	-3295.8403320312
315.89608764648	-3142.6196289062
316.02105712891	-2995.8232421875
316.14599609375	-2849.0629882812
316.27096557617	-2731.3872070312
316.39593505859	-2628.2873535156
316.52087402344	-2525.2126464844
316.64584350586	-2422.1127929688
316.77081298828	-2329.7480468750
316.89575195312	-2266.9565429688
317.02072143555	-2204.1494140625
317.14569091797	-2141.3422851562
317.27062988281	-2078.5505371094
317.39559936523	-2015.7436523438
317.52053833008	-1957.2534179688
317.64550781250	-1920.6198730469
317.77047729492	-1883.9864501953
317.89541625977	-1847.3619384766
318.02038574219	-1810.7283935547
318.14535522461	-1774.0949707031
318.27029418945	-1738.3032226562
318.39526367188	-1714.9909667969
318.52023315430	-1691.6787109375
318.64517211914	-1668.3720703125
318.77014160156	-1645.0598144531
318.89511108398	-1626.3541259766
319.02005004883	-1609.9987792969
319.14501953125	-1593.6395263672
319.26998901367	-1579.6693115234
319.39492797852	-1568.1464843750
319.51989746094	-1556.6207275391
319.64486694336	-1546.4785156250
319.76980590820	-1539.1955566406
319.89477539062	-1531.9108886719
320.01974487305	-1525.2531738281
320.14468383789	-1521.9387207031
320.26965332031	-1518.6234130859
320.39459228516	-1515.3089599609
320.51956176758	-1515.9418945312
320.64453125000	-1516.6166992188
320.76947021484	-1517.2912597656
320.89443969727	-1521.5224609375
321.01940917969	-1526.5266113281
321.14434814453	-1531.5292968750
321.26931762695	-1540.4536132812
321.39428710938	-1551.4589843750
321.51922607422	-1562.4614257812
321.64419555664	-1573.4667968750
321.76916503906	-1587.2943115234
321.89410400391	-1609.4389648438
322.01907348633	-1631.5889892578
322.14404296875	-1653.7390136719
322.26898193359	-1675.8836669922
322.39395141602	-1698.0336914062
322.51892089844	-1723.4047851562
322.64385986328	-1766.8188476562
322.76882934570	-1810.2434082031
322.89379882812	-1853.6680908203
323.01873779297	-1897.0821533203
323.14370727539	-1940.5068359375
323.26867675781	-1985.5433349609
323.39361572266	-2061.4658203125
323.51858520508	-2137.4067382812
323.64352416992	-2213.3293457031
323.76849365234	-2289.2702636719
323.89346313477	-2388.0566406250
324.01840209961	-2499.1538085938
324.14337158203	-2610.2783203125
324.26834106445	-2736.4301757812
324.39328002930	-2878.7578125000
324.51824951172	-3021.1198730469
324.64321899414	-3159.0395507812
324.76815795898	-3287.1794433594
324.89312744141	-3415.3508300781
325.01809692383	-3504.8601074219
325.14303588867	-3366.0820312500
325.26800537109	-3227.2697753906
325.39297485352	-3088.4580078125
325.51791381836	-2935.8193359375
325.64288330078	-2782.8105468750
325.76785278320	-2629.8017578125
325.89279174805	-2502.0576171875
326.01776123047	-2380.2592773438
326.14273071289	-2258.4609375000
326.26766967773	-2159.1508789062
326.39263916016	-2072.4411621094
326.51757812500	-1985.7525634766
326.64254760742	-1899.0429687500
326.76751708984	-1820.0959472656
326.89245605469	-1765.7373046875
327.01742553711	-1711.3652343750
327.14239501953	-1656.9934082031
327.26733398438	-1602.6347656250
327.39230346680	-1548.2629394531
327.51727294922	-1496.7749023438
327.64221191406	-1463.2755126953
327.76718139648	-1429.7680664062
327.89215087891	-1396.2604980469
328.01708984375	-1362.7611083984
328.14205932617	-1329.2536621094
328.26702880859	-1296.1278076172
328.39196777344	-1273.1171875000
328.51693725586	-1250.1010742188
328.64190673828	-1227.0847167969
328.76684570312	-1204.0742187500
328.89181518555	-1184.4636230469
329.01678466797	-1166.8011474609
329.14172363281	-1149.1429443359
329.26669311523	-1133.1770019531
329.39166259766	-1119.1405029297
329.51660156250	-1105.1074218750
329.64157104492	-1091.9926757812
329.76651000977	-1081.0324707031
329.89147949219	-1070.0694580078
330.01644897461	-1059.4709472656
330.14138793945	-1051.2783203125
330.26635742188	-1043.0837402344
330.39132690430	-1034.8891601562
330.51626586914	-1029.2539062500
330.64123535156	-1023.7145996094
330.76620483398	-1018.1752929688
330.89114379883	-1014.8138427734
331.01611328125	-1012.0118408203
331.14108276367	-1009.2098999023
331.26602172852	-1008.6892089844
331.39099121094	-1009.5253906250
331.51596069336	-1010.3614501953
331.64089965820	-1011.1973876953
331.76586914062	-1013.5009765625
331.89083862305	-1020.8055419922
332.01577758789	-1028.1082763672
332.14074707031	-1035.4128417969
332.26571655273	-1042.7175292969
332.39065551758	-1050.0202636719
332.51562500000	-1058.8408203125
332.64056396484	-1078.2651367188
332.76553344727	-1097.6943359375
332.89050292969	-1117.1235351562
333.01544189453	-1136.5478515625
333.14041137695	-1155.9770507812
333.26538085938	-1175.8305664062
333.39031982422	-1213.5449218750
333.51528930664	-1251.2683105469
333.64025878906	-1288.9919433594
333.76519775391	-1326.7060546875
333.89016723633	-1376.7120361328
334.01513671875	-1434.1518554688
334.14007568359	-1491.5778808594
334.26504516602	-1556.9741210938
334.39001464844	-1631.9121093750
334.51495361328	-1706.8317871094
334.63992309570	-1779.4958496094
334.76489257812	-1846.5018310547
334.88983154297	-1913.4914550781
335.01480102539	-1962.8032226562
335.13977050781	-1880.4101562500
335.26470947266	-1798.0371093750
335.38967895508	-1715.6440429688
335.51464843750	-1625.7119140625
335.63958740234	-1535.4064941406
335.76455688477	-1445.0791015625
335.88949584961	-1368.4122314453
336.01446533203	-1295.5268554688
336.13943481445	-1222.6413574219
336.26437377930	-1161.8046875000
336.38934326172	-1108.5242919922
336.51431274414	-1055.2437744141
336.63925170898	-1001.9762573242
336.76422119141	-952.54772949219
336.88919067383	-917.29467773438
337.01412963867	-882.05017089844
337.13909912109	-846.79711914062
337.26406860352	-811.54400634766
337.38900756836	-776.29949951172
337.51397705078	-742.32312011719
337.63894653320	-718.48535156250
337.76388549805	-694.65344238281
337.88885498047	-670.81567382812
338.01382446289	-646.97790527344
338.13876342773	-623.14599609375
338.26373291016	-599.36486816406
338.38870239258	-581.18609619141
338.51364135742	-563.01177978516
338.63861083984	-544.83306884766
338.76354980469	-526.65875244141
338.88851928711	-510.15469360352
339.01348876953	-494.72235107422
339.13842773438	-479.29382324219
339.26339721680	-464.61853027344
339.38836669922	-450.90075683594
339.51330566406	-437.18634033203
339.63827514648	-423.82141113281
339.76324462891	-411.39373779297
339.88818359375	-398.96911621094
340.01315307617	-386.64575195312
340.13812255859	-375.20886230469
340.26306152344	-363.77478027344
340.38803100586	-352.33792114258
340.51300048828	-341.63116455078
340.63793945312	-330.97607421875
340.76290893555	-320.31842041016
340.88787841797	-310.13867187500
341.01281738281	-300.10491943359
341.13778686523	-290.06872558594
341.26275634766	-280.38778686523
341.38769531250	-270.94528198242
341.51266479492	-261.50048828125
341.63763427734	-252.05566406250
341.76257324219	-242.73170471191
341.88754272461	-233.87814331055
342.01248168945	-225.02674865723
342.13745117188	-216.17318725586
342.26242065430	-207.31964111328
342.38735961914	-198.46823120117
342.51232910156	-189.66960144043
342.63729858398	-181.37289428711
342.76223754883	-173.07818603516
342.88720703125	-164.78146362305
343.01217651367	-156.48474121094
343.13711547852	-148.19003295898
343.26208496094	-139.89331054688
343.38705444336	-132.11729431152
343.51199340820	-124.34481811523
343.63696289062	-116.57044982910
343.76193237305	-108.79608154297
343.88687133789	-101.29987335205
344.01184082031	-93.988586425781
344.13681030273	-86.677291870117
344.26174926758	-79.527374267578
344.38671875000	-72.588668823242
344.51168823242	-65.649963378906
344.63662719727	-58.669662475586
344.76159667969	-51.564693450928
344.88653564453	-44.461456298828
345.01150512695	-37.089389801025
345.13647460938	-27.083192825317
345.26141357422	-17.079441070557
345.38638305664	-7.0732440948486
345.51135253906	3.0740680694580
345.63629150391	13.230538368225
345.76126098633	23.389488220215
345.88623046875	33.307807922363
346.01116943359	43.145973205566
346.13613891602	52.986541748047
346.26110839844	62.637527465820
346.38604736328	72.153106689453
346.51101684570	81.671005249023
346.63598632812	91.188911437988
346.76092529297	100.67250823975
346.88589477539	110.01968383789
347.01086425781	119.36685943604
347.13580322266	128.71176147461
347.26077270508	138.05892944336
347.38574218750	147.40611267090
347.51068115234	156.75955200195
347.63565063477	166.20675659180
347.76062011719	175.65399169922
347.88555908203	185.09890747070
348.01052856445	194.54612731934
348.13546752930	203.99104309082
348.26043701172	213.43826293945
348.38540649414	223.25268554688
348.51034545898	233.07083129883
348.63531494141	242.89135742188
348.76028442383	252.71188354492
348.88522338867	262.79614257812
349.01019287109	273.07287597656
349.13516235352	283.34957885742
349.26010131836	293.84350585938
349.38507080078	304.64953613281
349.51004028320	315.45556640625
349.63497924805	326.43383789062
349.75994873047	337.94747924805
349.88491821289	349.46112060547
350.00985717773	361.04644775391
350.13482666016	373.50390625000
350.25979614258	385.96139526367
350.38473510742	398.41583251953
350.50970458984	412.01867675781
350.63467407227	425.73394775391
350.75961303711	439.44586181641
350.88458251953	454.39260864258
351.00952148438	469.76239013672
351.13449096680	485.13592529297
351.25946044922	502.01202392578
351.38439941406	519.99719238281
351.50936889648	537.98669433594
351.63433837891	555.97625732422
351.75927734375	574.89575195312
351.88424682617	598.25115966797
352.00921630859	621.60656738281
352.13415527344	644.95629882812
352.25912475586	668.31176757812
352.38409423828	691.66723632812
352.50903320312	715.81768798828
352.63400268555	750.25097656250
352.75897216797	784.68420410156
352.88391113281	819.10900878906
353.00888061523	853.54223632812
353.13385009766	887.97546386719
353.25878906250	922.40032958984
353.38375854492	973.71923828125
353.50872802734	1025.5522460938
353.63366699219	1077.3728027344
353.75863647461	1129.2058105469
353.88360595703	1191.8339843750
354.00854492188	1262.5737304688
354.13351440430	1333.3305664062
354.25845336914	1410.8432617188
354.38342285156	1498.4503173828
354.50839233398	1586.0572509766
354.63333129883	1671.8459472656
354.75830078125	1751.7717285156
354.88327026367	1831.6975097656
355.00820922852	1902.1188964844
355.13317871094	1837.6555175781
355.25814819336	1773.1921386719
355.38308715820	1708.7443847656
355.50805664062	1637.3984375000
355.63302612305	1565.2657470703
355.75796508789	1493.1508789062
355.88293457031	1433.3745117188
356.00790405273	1378.1820068359
356.13284301758	1323.0028076172
356.25781250000	1278.5169677734
356.38278198242	1242.4035644531
356.50772094727	1206.2990722656
356.63269042969	1170.1855468750
356.75765991211	1136.9206542969
356.88259887695	1118.4848632812
357.00756835938	1100.0445556641
357.13250732422	1081.6087646484
357.25747680664	1063.1684570312
357.38244628906	1044.7280273438
357.50738525391	1026.9805908203
357.63235473633	1020.1867675781
357.75732421875	1013.3929443359
357.88226318359	1006.6007080078
358.00723266602	999.80688476562
358.13220214844	993.01306152344
358.25714111328	986.22094726562
358.38211059570	985.46606445312
358.50708007812	984.98071289062
358.63201904297	984.49548339844
358.75698852539	984.01019287109
358.88195800781	985.50842285156
359.00689697266	988.58184814453
359.13186645508	991.65600585938
359.25683593750	995.77038574219
359.38177490234	1001.5171508789
359.50674438477	1007.2652587891
359.63171386719	1013.5834960938
359.75665283203	1021.9091186523
359.88162231445	1030.2366943359
360.00659179688	1038.7064208984
360.13153076172	1049.7258300781
360.25650024414	1060.7480468750
360.38143920898	1071.7674560547
360.50640869141	1085.4570312500
360.63137817383	1099.4956054688
360.75631713867	1113.5308837891
360.88128662109	1130.1372070312
361.00625610352	1147.7607421875
361.13119506836	1165.3801269531
361.25616455078	1185.9028320312
361.38113403320	1208.8171386719
361.50607299805	1231.7257080078
361.63104248047	1254.6398925781
361.75601196289	1279.0876464844
361.88095092773	1312.3557128906
362.00592041016	1345.6319580078
362.13088989258	1378.9082031250
362.25582885742	1412.1763916016
362.38079833984	1445.4526367188
362.50576782227	1479.6773681641
362.63070678711	1533.4887695312
362.75567626953	1587.3132324219
362.88064575195	1641.1376953125
363.00558471680	1694.9492187500
363.13055419922	1748.7736816406
363.25549316406	1802.5849609375
363.38046264648	1886.4663085938
363.50543212891	1972.1279296875
363.63037109375	2057.7685546875
363.75534057617	2143.4301757812
363.88031005859	2247.9165039062
364.00524902344	2368.1472167969
364.13021850586	2488.4074707031
364.25518798828	2620.2333984375
364.38012695312	2771.2304687500
364.50509643555	2922.2646484375
364.63006591797	3070.3933105469
364.75500488281	3207.4140625000
364.87997436523	3344.4682617188
365.00494384766	3471.1076660156
365.12988281250	3344.9287109375
365.25485229492	3218.7187500000
365.37982177734	3092.5085449219
365.50476074219	2954.1406250000
365.62973022461	2813.9375000000
365.75469970703	2673.7346191406
365.87963867188	2555.2355957031
366.00460815430	2445.8549804688
366.12957763672	2336.4743652344
366.25451660156	2245.6718750000
366.37948608398	2170.9797363281
366.50442504883	2096.3056640625
366.62939453125	2021.6135253906
366.75436401367	1951.2424316406
366.87930297852	1908.6151123047
367.00427246094	1865.9775390625
367.12924194336	1823.3398437500
367.25418090820	1780.7126464844
367.37915039062	1738.0750732422
367.50411987305	1696.1298828125
367.62905883789	1674.5047607422
367.75402832031	1652.8742675781
367.87899780273	1631.2436523438
368.00393676758	1609.6184082031
368.12890625000	1587.9879150391
368.25387573242	1566.3574218750
368.37881469727	1554.9421386719
368.50378417969	1544.2796630859
368.62875366211	1533.6171875000
368.75369262695	1522.9572753906
368.87866210938	1515.4505615234
369.00363159180	1510.7322998047
369.12857055664	1506.0151367188
369.25354003906	1502.8535156250
369.37847900391	1502.4276123047
369.50344848633	1502.0017089844
369.62841796875	1502.3474121094
369.75335693359	1505.8852539062
369.87832641602	1509.4238281250
370.00329589844	1513.0661621094
370.12823486328	1520.5292968750
370.25320434570	1527.9942626953
370.37817382812	1535.4592285156
370.50311279297	1546.5339355469
370.62808227539	1558.2087402344
370.75305175781	1569.8835449219
370.87799072266	1584.8680419922
371.00296020508	1601.3444824219
371.12792968750	1617.8209228516
371.25286865234	1637.9108886719
371.37783813477	1661.3223876953
371.50280761719	1684.7338867188
371.62774658203	1708.1396484375
371.75271606445	1733.1684570312
371.87768554688	1769.8779296875
372.00262451172	1806.5784912109
372.12759399414	1843.2880859375
372.25256347656	1879.9975585938
372.37750244141	1916.6981201172
372.50247192383	1953.9221191406
372.62741088867	2016.6280517578
372.75238037109	2079.3491210938
372.87734985352	2142.0705566406
373.00228881836	2204.7763671875
373.12725830078	2267.4975585938
373.25222778320	2330.2187500000
373.37716674805	2429.7548828125
373.50213623047	2532.6088867188
373.62710571289	2635.4633789062
373.75204467773	2738.2922363281
373.87701416016	2863.6647949219
374.00198364258	3010.0158691406
374.12692260742	3156.3310546875
374.25189208984	3316.1933593750
374.37686157227	3501.2102050781
374.50180053711	3686.1816406250
374.62677001953	3868.0083007812
374.75173950195	4035.4440917969
374.87667846680	4202.8388671875
375.00164794922	4365.9125976562
375.12661743164	4202.5361328125
375.25155639648	4039.1997070312
375.37652587891	3875.8234863281
375.50146484375	3697.6425781250
375.62643432617	3516.6928710938
375.75140380859	3335.7429199219
375.87634277344	3181.0290527344
376.00131225586	3038.7856445312
376.12628173828	2896.5422363281
376.25122070312	2776.4707031250
376.37619018555	2677.7670898438
376.50115966797	2579.0639648438
376.62609863281	2480.3845214844
376.75106811523	2386.0405273438
376.87603759766	2327.5441894531
377.00097656250	2269.0620117188
377.12594604492	2210.5656738281
377.25091552734	2152.0693359375
377.37585449219	2093.5871582031
377.50082397461	2035.2635498047
377.62579345703	2002.9807128906
377.75073242188	1970.7058105469
377.87570190430	1938.4229736328
378.00067138672	1906.1401367188
378.12561035156	1873.8652343750
378.25057983398	1841.5825195312
378.37554931641	1821.5346679688
378.50048828125	1802.7792968750
378.62545776367	1784.0192871094
378.75039672852	1765.2641601562
378.87536621094	1750.1240234375
379.00033569336	1738.5388183594
379.12527465820	1726.9565429688
379.25024414062	1717.0759277344
379.37521362305	1710.5595703125
379.50015258789	1704.0447998047
379.62512207031	1698.2934570312
379.75009155273	1696.3236083984
379.87503051758	1694.3542480469
380.00000000000	1692.3845214844
