                       0                       9787.9561
               0.2498312                         9333.75
               0.4996624                       8879.5449
               0.7494936                       8425.3398
               0.9993248                       7971.1348
                1.249156                       7516.9297
               1.4989872                       7062.7246
               1.7488184                       6402.0137
               1.9986496                       5319.8037
               2.2484808                       4237.5942
                2.498312                       3155.3843
               2.7481432                       2073.1748
               2.9979744                       990.96509
               3.2478056                      -91.244629
               3.4976368                      -1238.3535
                3.747468                      -1682.6853
               3.9972992                      -2127.0171
               4.2471304                      -2571.3489
               4.4969616                      -3015.6807
               4.7467928                      -3460.0125
                4.996624                      -3904.3442
               5.2464552                      -4028.8369
               5.4962864                      -4148.9482
               5.7461176                      -4269.0601
               5.9959488                      -4389.1719
               6.2457809                      -4509.2837
               6.4956112                      -4629.3945
               6.7454414                      -4274.1426
               6.9952736                       -3550.272
               7.2451057                      -2826.4009
                7.494936                      -2102.5356
               7.7447662                        -1378.67
               7.9945984                      -654.79907
               8.2444305                       69.071533
               8.4942608                        651.1651
                8.744091                        1154.937
               8.9939232                       1658.7128
               9.2437553                       2162.4883
               9.4935856                       2666.2605
               9.7434158                       3170.0322
                9.993248                       3673.8081
                10.24308                       3922.9814
                10.49291                       4165.0806
               10.742741                       4407.1797
               10.992573                       4649.2813
               11.242405                       4891.3823
               11.492235                       5133.4814
               11.742065                       5298.9204
               11.991898                       5287.0098
                12.24173                       5275.0996
                12.49156                       5263.1895
                12.74139                       5251.2788
               12.991222                       5239.3682
               13.241055                        5227.458
               13.490885                       4752.2017
               13.740715                       4228.2617
               13.990547                       3704.3169
               14.240379                       3180.3728
                14.49021                       2656.4324
                14.74004                       2132.4922
               14.989872                       1608.5477
               15.239704                       958.40662
               15.489534                       302.93835
               15.739365                      -352.52991
               15.989197                      -1008.0032
               16.239029                      -1663.4763
               16.488859                      -2318.9446
               16.738689                      -3422.9048
               16.988522                      -4168.0313
               17.238354                      -4913.1582
               17.488184                      -5658.2788
               17.738014                      -6403.3999
               17.987846                      -7148.5264
               18.237679                      -7893.6533
               18.487509                      -8272.6162
               18.737339                      -8424.4023
               18.987171                      -8576.1914
               19.237003                      -8727.9785
               19.486834                      -8879.7646
               19.736664                      -9031.5508
               19.986496                      -9183.3398
               20.236328                      -8720.4551
               20.486158                      -8222.4502
               20.735989                      -7724.4468
               20.985821                      -7226.4395
               21.235653                      -6728.4316
               21.485483                      -6230.4277
               21.735313                       -5573.812
               21.985146                      -4498.5596
               22.234978                      -3423.3071
                22.48481                      -2348.0547
               22.734638                      -1272.8184
                22.98447                      -197.56592
               23.234303                       877.68652
               23.484131                       1972.2839
               23.733963                       2330.4487
               23.983795                       2688.6138
               24.233627                       3046.7786
               24.483459                       3404.9436
               24.733288                       3763.1028
                24.98312                       4121.2676
               25.232952                       4165.4258
                25.48278                       4186.8311
               25.732613                       4208.2363
               25.982445                       4229.6416
               26.232277                       4251.0464
               26.482109                       4272.4517
               26.731937                       3796.6089
                26.98177                       2968.3123
               27.231602                       2140.0156
                27.48143                       1311.7319
               27.731262                       483.43555
               27.981094                      -344.86108
               28.230927                      -1173.1572
               28.480759                      -1818.0422
               28.730587                      -2335.5178
               28.980419                      -2853.0012
               29.230251                      -3370.4846
                29.48008                        -3887.96
               29.729912                      -4405.4434
               29.979744                      -4922.9268
               30.229576                      -5111.3076
               30.479408                      -5270.6514
               30.729237                      -5429.9917
               30.979069                       -5589.335
               31.228901                      -5748.6782
               31.478729                      -5908.0195
               31.728561                        -5982.25
               31.978394                      -5798.0376
               32.228226                      -5613.8252
               32.478058                      -5429.6128
               32.727886                      -5245.4033
               32.977718                      -5061.1909
               33.227551                      -4876.9785
               33.477379                      -4264.9346
               33.727211                      -3704.7222
               33.977043                      -3144.5098
               34.226875                      -2584.2974
               34.476707                       -2024.085
               34.726536                      -1463.8811
               34.976368                      -903.66882
                 35.2262                       -280.4487
               35.476028                       349.34433
               35.725861                       979.14697
               35.975693                       1608.9496
               36.225525                       2238.7522
               36.475357                       2868.5547
               36.725185                       3850.9028
               36.975018                       4423.9937
                37.22485                        4997.084
               37.474678                       5570.1665
                37.72451                       6143.2568
               37.974342                       6716.3477
               38.224174                       7289.4385
               38.474007                       7567.0786
               38.723835                       7615.4609
               38.973667                       7663.8438
               39.223499                       7712.2271
               39.473328                       7760.6094
                39.72316                       7808.9922
               39.972992                       7857.3755
               40.222824                       7400.5117
               40.472656                       6882.4087
               40.722485                       6364.3135
               40.972317                         5846.21
               41.222149                       5328.1064
               41.471977                       4810.0107
               41.721809                       4180.3564
               41.971642                       3156.8403
               42.221474                       2133.3242
               42.471306                       1109.8083
               42.721134                       86.308105
               42.970966                      -937.20801
               43.220798                      -1960.7239
               43.470627                      -2951.8608
               43.720459                      -3175.3176
               43.970291                      -3398.7744
               44.220123                       -3622.231
               44.469955                       -3845.688
               44.719784                      -4069.1411
               44.969616                      -4292.5977
               45.219448                      -4201.6406
               45.469276                      -4067.1526
               45.719109                      -3932.6626
               45.968941                      -3798.1724
               46.218773                      -3663.6826
               46.468605                      -3529.1924
               46.718433                      -2862.9749
               46.968266                      -1891.4141
               47.218098                      -919.85339
               47.467926                       51.692627
               47.717758                       1023.2534
                47.96759                       1994.8142
               48.217422                        2966.375
               48.467255                       3705.0762
               48.717083                       4242.2305
               48.966915                       4779.3931
               49.216747                       5316.5557
               49.466576                         5853.71
               49.716408                       6390.8721
                49.96624                       6928.0347
               50.216072                        7034.583
               50.465904                       7073.8506
               50.715733                       7113.1172
               50.965565                       7152.3848
               51.215397                       7191.6519
               51.465225                       7230.9185
               51.715057                       7180.7461
                51.96489                       6758.2432
               52.214722                       6335.7397
               52.464554                       5913.2363
               52.714382                       5490.7397
               52.964214                       5068.2363
               53.214046                       4645.7329
               53.463875                       3805.5068
               53.713707                       3171.7393
               53.963539                       2537.9717
               54.213371                       1904.2039
               54.463203                       1270.4362
               54.713028                       636.68774
                54.96286                       2.9199219
               55.212692                      -629.41174
               55.462524                      -1261.4929
               55.712357                      -1893.5741
               55.962189                      -2525.6553
               56.212021                      -3157.7363
               56.461853                      -3789.8176
               56.711685                      -4675.9922
               56.961517                      -5065.1787
               57.211349                      -5454.3662
               57.461174                      -5843.5415
               57.711006                      -6232.7285
               57.960838                       -6621.916
                58.21067                       -7011.103
               58.460503                      -7170.5327
               58.710327                      -7108.3398
               58.960159                      -7046.1445
               59.209991                      -6983.9497
               59.459824                      -6921.7549
               59.709656                      -6859.5596
               59.959488                      -6797.3652
                60.20932                      -6328.9971
               60.459152                      -5782.0186
               60.708984                        -5235.04
               60.958817                       -4688.061
               61.208649                       -4141.082
               61.458473                      -3594.1206
               61.708305                      -2977.0166
               61.958138                      -2009.3138
                62.20797                       -1041.611
               62.457802                      -73.908203
               62.707626                       893.76501
               62.957458                        1861.468
               63.207291                       2829.1707
               63.457123                       3725.8157
               63.706955                       3835.5796
               63.956787                       3945.3433
               64.206619                       4055.1069
               64.456451                       4164.8711
               64.706284                       4274.6348
               64.956116                       4384.3984
                65.20594                       4197.6284
               65.455772                       3947.6621
               65.705605                       3697.6958
               65.955437                       3447.7297
               66.205269                       3197.7634
               66.455101                       2947.7971
               66.704933                       2154.1035
               66.954758                       1095.5597
                67.20459                       36.983521
               67.454422                      -1021.5927
               67.704254                      -2080.1685
               67.954086                      -3138.7451
               68.203918                      -4197.3213
               68.453751                      -5002.9268
               68.703583                      -5536.6479
               68.953415                      -6070.3691
               69.203239                      -6604.0737
               69.453072                      -7137.7949
               69.702904                      -7671.5166
               69.952736                      -8205.2373
               70.202568                      -8254.8008
                 70.4524                      -8191.4004
               70.702232                       -8127.999
               70.952057                      -8064.5996
               71.201889                      -8001.1982
               71.451721                      -7937.7969
               71.701553                      -7797.7861
               71.951385                      -7185.8057
               72.201218                      -6573.8252
                72.45105                      -5961.8447
               72.700882                      -5349.8643
               72.950714                      -4737.8843
               73.200539                      -4125.9224
               73.450371                      -3121.8254
               73.700203                      -2468.7417
               73.950035                      -1815.6577
               74.199867                      -1162.5739
               74.449699                      -509.48999
               74.699532                       143.59387
               74.949356                       796.65771
               75.199188                       1387.0291
                75.44902                       1961.4551
               75.698853                       2535.8811
               75.948685                       3110.3071
               76.198517                       3684.7334
               76.448349                       4259.1597
               76.698181                       4993.9976
               76.948013                       5171.8633
               77.197838                       5349.7246
                77.44767                       5527.5908
               77.697502                       5705.4565
               77.947334                       5883.3228
               78.197166                        6061.189
               78.446999                       6084.9639
               78.696831                       5924.1353
               78.946655                       5763.3115
               79.196487                       5602.4834
                79.44632                       5441.6548
               79.696152                       5280.8262
               79.945984                        5119.998
               80.195816                       4676.1396
               80.445648                        4154.207
                80.69548                       3632.2749
               80.945313                       3110.3423
               81.195137                       2588.4258
               81.444969                       2066.4937
               81.694801                       1509.5486
               81.944633                       676.73804
               82.194466                      -156.07269
               82.444298                      -988.88318
                82.69413                      -1821.6938
               82.943954                      -2654.4788
               83.193787                      -3487.2896
               83.443619                      -4221.4697
               83.693451                      -4206.3594
               83.943283                       -4191.249
               84.193115                      -4176.1387
               84.442947                      -4161.0283
                84.69278                      -4145.9185
               84.942612                      -4130.8081
               85.192436                      -3854.2434
               85.442268                       -3499.697
               85.692101                      -3145.1506
               85.941933                       -2790.604
               86.191765                      -2436.0576
               86.441597                       -2081.511
               86.691429                      -1203.8982
               86.941254                      -134.16254
               87.191086                       935.60577
               87.440918                        2005.374
                87.69075                       3075.1426
               87.940582                       4144.9106
               88.190414                       5214.6787
               88.440247                       6034.7178
               88.690079                       6520.9102
               88.939911                       7007.1025
               89.189735                       7493.2803
               89.439568                       7979.4731
                 89.6894                        8465.666
               89.939232                       8951.8584
               90.189064                       8944.2988
               90.438896                         8778.04
               90.688728                       8611.7813
               90.938553                       8445.5273
               91.188385                       8279.2686
               91.438217                       8113.0098
               91.688049                       7895.8242
               91.937881                       7134.6069
               92.187714                       6373.3901
               92.437546                       5612.1733
               92.687378                        4850.957
                92.93721                       4089.7402
               93.187035                       3328.5464
               93.436867                       2197.4336
               93.686699                       1566.0774
               93.936531                       934.72137
               94.186363                       303.36523
               94.436195                      -327.99072
               94.686028                       -959.3468
               94.935852                      -1590.6836
               95.185684                      -2115.7898
               95.435516                      -2604.1904
               95.685349                      -3092.5908
               95.935181                      -3580.9912
               96.185013                      -4069.3918
               96.434845                       -4557.792
               96.684677                      -5124.8926
               96.934509                      -5077.3379
               97.184334                      -5029.7852
               97.434166                       -4982.231
               97.683998                      -4934.6768
                97.93383                      -4887.1226
               98.183662                      -4839.5684
               98.433495                      -4701.2993
               98.683327                      -4427.4697
               98.933151                      -4153.6484
               99.182983                      -3879.8191
               99.432816                      -3605.9895
               99.682648                      -3332.1602
                99.93248                      -3058.3306
               100.18231                      -2620.4072
               100.43214                      -2121.7104
               100.68198                      -1623.0139
               100.93181                      -1124.3174
               101.18163                      -625.63623
               101.43147                      -126.93982
                101.6813                       382.06766
               101.93113                       1056.8011
               102.18096                       1731.5347
               102.43079                       2406.2683
               102.68063                       3081.0017
               102.93045                       3755.7148
               103.18028                       4430.4482
               103.43011                       4948.1719
               103.67995                       4770.4282
               103.92978                       4592.6846
               104.17961                       4414.9414
               104.42944                       4237.1982
               104.67928                       4059.4546
               104.92911                       3881.7112
               105.17893                       3473.8752
               105.42876                       2974.8601
                105.6786                       2475.8447
               105.92843                       1976.8296
               106.17826                       1477.8145
               106.42809                       978.79932
               106.67793                      -48.097954
               106.92775                      -1153.5881
               107.17758                      -2259.1123
               107.42741                      -3364.6362
               107.67725                      -4470.1602
               107.92708                      -5575.6846
               108.17691                       -6681.208
               108.42674                      -7539.1309
               108.67657                      -7982.4033
               108.92641                      -8425.6748
               109.17623                      -8868.9336
               109.42606                      -9312.2051
                109.6759                      -9755.4766
               109.92573                      -10198.749
               110.17556                      -10125.541
               110.42539                      -9833.8301
               110.67522                      -9542.1191
               110.92505                       -9250.418
               111.17488                       -8958.707
               111.42471                      -8666.9961
               111.67455                      -8354.4404
               111.92438                      -7401.9229
               112.17421                      -6449.4063
               112.42404                      -5496.8892
               112.67387                      -4544.3721
               112.92371                      -3591.8547
               113.17353                      -2639.3669
               113.42336                       -1319.443
               113.67319                      -685.79285
               113.92303                      -52.142761
               114.17286                       581.50726
               114.42269                       1215.1577
               114.67252                       1848.8079
               114.92235                       2482.4385
               115.17218                       2969.2786
               115.42201                       3389.9082
               115.67184                       3810.5381
               115.92168                        4231.168
               116.17151                       4651.7974
               116.42134                       5072.4272
               116.67117                       5490.9487
               116.92101                       5223.6768
               117.17083                       4956.4136
               117.42066                       4689.1416
               117.67049                       4421.8701
               117.92033                       4154.5986
               118.17017                       3887.3188
               118.41998                       3587.2415
               118.66983                       3225.3193
               118.91965                       2863.4409
               119.16948                       2501.5408
               119.41931                       2139.6406
               119.66914                       1777.7402
               119.91898                         1415.84
               120.16881                       993.68848
               120.41864                        542.6178
               120.66847                       91.546997
                120.9183                      -359.52374
               121.16812                      -810.56702
               121.41797                      -1261.6652
               121.66779                      -1712.9731
               121.91763                      -2223.4297
               122.16745                      -2733.8237
                122.4173                      -3244.2805
               122.66711                      -3754.6748
               122.91695                      -4265.1001
               123.16678                      -4775.5254
               123.41661                      -5114.2959
               123.66644                      -4837.2134
               123.91628                      -4560.1309
               124.16611                      -4283.0479
               124.41594                      -4005.9653
               124.66577                      -3728.8828
                124.9156                         -3451.8
               125.16544                       -2994.241
               125.41525                      -2444.6462
                125.6651                      -1894.9844
               125.91492                      -1345.3898
               126.16476                      -795.72791
               126.41458                       -246.1333
               126.66443                       303.52856
               126.91425                       1829.1868
               127.16408                        2857.259
               127.41391                       3885.3311
               127.66374                       4913.4033
               127.91357                       5941.4756
               128.16341                       6969.5479
               128.41324                       7783.9316
               128.66307                       8143.9277
                128.9129                       8503.9238
               129.16273                       8863.9199
               129.41257                        9223.916
                129.6624                       9583.9121
               129.91223                       9943.9072
               130.16205                        9827.752
               130.41188                       9453.6953
               130.66171                       9079.6367
               130.91154                       8705.5781
               131.16138                       8331.5195
               131.41121                       7957.4614
               131.66104                       7583.4033
               131.91087                       6572.3125
               132.16071                       5546.5332
               132.41054                       4520.7544
               132.66037                       3494.9751
                132.9102                       2469.1958
               133.16003                        1443.417
               133.40987                       87.050537
                133.6597                      -445.77866
               133.90952                      -978.57538
               134.15935                      -1511.4045
               134.40918                      -2044.2339
               134.65901                       -2577.063
               134.90884                      -3109.8921
               135.15868                      -3461.7791
               135.40851                      -3709.7183
               135.65834                      -3957.6577
               135.90817                      -4205.5972
                 136.158                      -4453.5361
               136.40784                      -4701.4756
               136.65767                       -4949.415
                136.9075                      -4344.1416
               137.15733                      -3820.8296
               137.40717                      -3297.5171
                 137.657                      -2774.2048
               137.90683                      -2250.8926
               138.15665                      -1727.6122
               138.40648                      -1229.0767
               138.65631                      -790.38464
               138.90614                       -351.6926
               139.15598                       86.999451
               139.40581                       525.69153
               139.65564                       964.38361
               139.90547                       1403.0757
                140.1553                        1770.917
               140.40514                       2095.6343
               140.65497                       2420.3511
                140.9048                       2745.0679
               141.15463                       3069.7852
               141.40446                        3394.502
                141.6543                       3719.2192
               141.90411                       3930.7563
               142.15395                       4136.4092
               142.40378                        4342.061
               142.65361                       4547.7134
               142.90344                       4753.3657
               143.15327                       4959.0181
               143.40311                       4950.6357
               143.65294                       4536.2158
               143.90277                       4121.7954
                144.1526                        3707.375
               144.40244                       3292.9546
               144.65227                       2878.5342
                144.9021                       2464.1143
               145.15193                         1933.29
               145.40176                       1327.4587
                145.6516                       721.62762
               145.90143                       115.79651
               146.15125                      -489.99744
               146.40108                      -1095.8287
               146.65091                      -1701.6598
               146.90074                      -2992.3337
               147.15057                      -3853.3013
               147.40041                       -4714.269
               147.65024                      -5575.2368
               147.90007                      -6436.2041
                148.1499                      -7297.1719
               148.39973                      -7994.0151
               148.64957                      -8237.5156
                148.8994                      -8481.0176
               149.14923                      -8724.5186
               149.39906                      -8968.0195
                149.6489                      -9211.5215
               149.89871                      -9455.0068
               150.14854                      -9296.3379
               150.39838                      -8863.4414
               150.64821                      -8430.5449
               150.89804                      -7997.6479
               151.14787                      -7564.7515
               151.39771                      -7131.8545
               151.64754                       -6698.958
               151.89737                      -5709.5776
                152.1472                       -4674.041
               152.39703                      -3638.5049
               152.64687                      -2602.9685
                152.8967                      -1567.4321
               153.14653                        -531.896
               153.39636                        820.1936
               153.64619                       1268.5149
               153.89603                       1716.8362
               154.14584                       2165.1299
               154.39568                       2613.4514
               154.64551                       3061.7725
               154.89534                       3510.0938
               155.14517                       3789.5571
                 155.395                       3947.2847
               155.64484                       4105.0117
               155.89467                       4262.7393
                156.1445                       4420.4668
               156.39433                       4578.1943
               156.64417                       4735.9219
                 156.894                       3985.8625
               157.14383                       3342.6306
               157.39366                       2699.3989
               157.64349                        2056.167
               157.89331                       1412.9741
               158.14314                       769.74231
               158.39297                        166.3829
               158.64281                      -309.84122
               158.89264                      -786.06537
               159.14247                      -1262.2893
                159.3923                      -1738.5134
               159.64214                      -2214.7375
               159.89197                      -2690.9617
                160.1418                      -3054.3486
               160.39163                      -3331.7693
               160.64146                      -3609.1899
                160.8913                      -3886.6104
               161.14113                      -4164.0313
               161.39096                      -4441.4517
               161.64079                      -4718.8721
               161.89063                      -4817.8369
               162.14044                      -4896.1758
               162.39027                      -4974.5195
               162.64011                      -5052.8623
               162.88994                      -5131.2061
               163.13977                      -5209.5498
                163.3896                      -5061.9429
               163.63943                      -4575.8511
               163.88927                      -4089.7595
                164.1391                       -3603.668
               164.38893                      -3117.5762
               164.63876                      -2631.4849
                164.8886                      -2145.3931
               165.13843                      -1572.5942
               165.38826                      -930.01416
               165.63809                      -287.43408
               165.88791                       355.10681
               166.13774                       997.68689
               166.38757                       1640.2668
               166.63741                       2282.8469
               166.88724                        3505.103
               167.13707                       4312.9561
                167.3869                       5120.8091
               167.63673                       5928.6621
               167.88657                       6736.5151
                168.1364                       7544.3682
               168.38623                       8222.4648
               168.63606                        8417.543
               168.88589                       8612.6211
               169.13573                       8807.6992
               169.38556                       9002.7773
               169.63539                       9197.8545
               169.88522                       9392.9326
               170.13504                       9220.4326
               170.38487                       8735.4941
                170.6347                       8250.5547
               170.88454                       7765.6152
               171.13437                       7280.6758
                171.3842                       6795.7368
               171.63403                       6310.7974
               171.88387                       5300.6494
                172.1337                       4211.5771
               172.38353                       3122.5039
               172.63336                       2033.4314
               172.88319                       944.35864
               173.13303                      -144.71411
               173.38286                      -1551.0615
               173.63269                      -1942.0677
               173.88251                        -2333.05
               174.13234                      -2724.0566
               174.38217                      -3115.0627
                 174.632                      -3506.0691
               174.88184                      -3897.0752
               175.13167                       -4111.917
                175.3815                      -4168.6611
               175.63133                      -4225.4053
               175.88116                      -4282.1499
                 176.131                      -4338.8945
               176.38083                      -4395.6387
               176.63066                      -4452.3833
               176.88049                      -3531.2637
               177.13033                      -2733.8511
               177.38016                      -1936.4385
               177.62999                       -1139.026
               177.87982                      -341.61316
               178.12964                       455.75049
               178.37947                       1200.9814
                178.6293                       1715.8635
               178.87914                       2230.7456
               179.12897                       2745.6279
                179.3788                       3260.5098
               179.62863                       3775.3923
               179.87846                       4290.2744
                180.1283                       4639.1963
               180.37813                       4830.9014
               180.62796                       5022.6074
               180.87779                       5214.3125
               181.12762                       5406.0181
               181.37746                       5597.7231
               181.62729                       5789.4287
               181.87711                       5729.5264
               182.12694                       5622.5317
               182.37677                       5515.5366
                182.6266                       5408.5415
               182.87643                       5301.5469
               183.12627                       5194.5518
                183.3761                       4832.5488
               183.62593                       4275.9463
               183.87576                       3719.3442
                184.1256                       3162.7417
               184.37543                       2606.1392
               184.62526                       2049.5369
               184.87509                       1492.9344
               185.12492                       882.37335
               185.37476                       217.86041
               185.62459                      -446.65247
               185.87442                      -1111.1655
               186.12424                      -1775.6377
               186.37407                      -2440.1504
                186.6239                      -3104.6638
               186.87373                      -4182.7939
               187.12357                      -4860.8076
                187.3734                      -5538.8218
               187.62323                      -6216.8359
               187.87306                      -6894.8496
               188.12289                      -7572.8633
               188.37273                      -8158.4639
               188.62256                      -8250.4639
               188.87239                      -8342.4639
               189.12222                      -8434.4629
               189.37206                      -8526.4629
               189.62189                      -8618.4629
                189.8717                       -8710.457
               190.12154                      -8492.2383
               190.37137                      -7946.5444
                190.6212                      -7400.8511
               190.87103                      -6855.1572
               191.12086                      -6309.4639
                191.3707                       -5763.771
               191.62053                      -5218.0771
               191.87036                      -4217.6577
               192.12019                      -3114.2273
               192.37003                       -2010.797
               192.61986                       -907.3667
               192.86969                       196.06396
               193.11952                       1299.4944
               193.36935                       2718.5903
               193.61919                       2994.0156
               193.86902                       3269.4407
               194.11884                       3544.8491
               194.36867                       3820.2742
                194.6185                       4095.6995
               194.86833                        4371.125
               195.11816                       4469.6006
                 195.368                       4370.9063
               195.61783                       4272.2119
               195.86766                       4173.5166
               196.11749                       4074.8223
               196.36732                       3976.1274
               196.61716                       3877.4326
               196.86699                       2712.5107
               197.11682                        1724.271
               197.36665                       736.03113
               197.61649                      -252.20898
                197.8663                      -1240.3882
               198.11613                      -2228.6282
               198.36597                      -3161.1587
                198.6158                      -3722.9707
               198.86563                      -4284.7832
               199.11546                      -4846.5952
                199.3653                      -5408.4072
               199.61513                      -5970.2192
               199.86496                      -6532.0313
               200.11479                      -6867.5977
               200.36462                      -6937.0107
               200.61446                      -7006.4238
               200.86429                      -7075.8369
               201.11412                        -7145.25
               201.36395                      -7214.6631
               201.61378                      -7284.0762
               201.86362                      -6999.2383
               202.11343                      -6619.2949
               202.36327                      -6239.3281
                202.6131                      -5859.3613
               202.86293                       -5479.395
               203.11276                      -5099.4287
               203.36259                      -4393.2041
               203.61243                      -3746.3833
               203.86226                      -3099.5625
               204.11209                      -2452.7415
               204.36192                      -1805.9208
               204.61176                      -1159.0995
               204.86159                      -512.27869
               205.11142                       143.87524
               205.36125                       811.62305
               205.61108                       1479.3708
                205.8609                       2147.0779
               206.11073                       2814.8257
               206.36057                       3482.5735
                206.6104                       4150.3213
               206.86023                       4994.0674
               207.11006                       5455.7095
               207.35989                       5917.3516
               207.60973                       6378.9941
               207.85956                       6840.6362
               208.10939                       7302.2793
               208.35922                       7712.0532
               208.60905                       7673.2627
               208.85889                       7634.4727
               209.10872                       7595.6826
               209.35855                       7556.8921
               209.60838                       7518.1016
               209.85822                       7479.3115
               210.10803                       7210.7324
               210.35786                       6640.5332
                210.6077                        6070.334
               210.85753                       5500.1348
               211.10736                       4929.9355
               211.35719                       4359.7368
               211.60703                       3789.5376
               211.85686                       2869.1499
               212.10669                       1838.9352
               212.35652                       808.72021
               212.60635                      -221.49475
               212.85619                      -1251.7096
               213.10602                      -2281.9243
               213.35585                      -3617.8042
               213.60568                      -3766.5234
                213.8555                      -3915.2334
               214.10533                      -4063.9526
               214.35516                      -4212.6719
                 214.605                      -4361.3911
               214.85483                      -4510.1104
               215.10466                      -4503.4663
               215.35449                      -4281.3213
               215.60432                      -4059.1755
               215.85416                        -3837.03
               216.10399                      -3614.8845
               216.35382                      -3392.7393
               216.60365                      -3170.5938
               216.85349                      -1887.6548
               217.10332                      -815.30231
               217.35315                       257.05017
               217.60298                       1329.4028
               217.85281                       2401.7554
               218.10263                        3474.042
               218.35246                       4506.7856
               218.60229                       5061.9785
               218.85213                       5617.1719
               219.10196                       6172.3643
               219.35179                       6727.5576
               219.60162                       7282.7505
               219.85146                       7837.9434
               220.10129                       8153.2539
               220.35112                       8116.7627
               220.60095                       8080.2715
               220.85078                       8043.7813
               221.10062                         8007.29
               221.35045                       7970.7988
               221.60028                       7934.3076
                221.8501                       7499.0313
               222.09993                       6919.3774
               222.34976                       6339.7246
               222.59959                       5760.0713
               222.84943                       5180.4175
               223.09926                       4600.7637
               223.34909                       3657.2725
               223.59892                       2997.7622
               223.84875                        2338.252
               224.09859                       1678.7417
               224.34842                       1019.2313
               224.59825                       359.72107
               224.84808                      -299.78918
               225.09792                       -930.2016
               225.34775                      -1515.4688
               225.59758                      -2100.7358
               225.84741                      -2686.0032
               226.09723                      -3271.2346
               226.34706                       -3856.502
               226.59689                       -4441.769
               226.84673                       -4998.418
               227.09656                      -5218.8291
               227.34639                      -5439.2402
               227.59622                      -5659.6514
               227.84605                       -5880.063
               228.09589                      -6100.4736
               228.34572                      -6303.3335
               228.59555                      -6169.8369
               228.84538                      -6036.3408
               229.09521                      -5902.8438
               229.34505                      -5769.3477
               229.59488                      -5635.8511
                229.8447                      -5502.3628
               230.09453                       -5226.207
               230.34436                      -4715.6699
               230.59419                      -4205.1338
               230.84402                      -3694.5972
               231.09386                      -3184.0605
               231.34369                      -2673.5239
               231.59352                      -2162.9873
               231.84335                        -1423.23
               232.09319                       -588.5694
               232.34302                       246.09113
               232.59285                       1080.7517
               232.84268                       1915.4124
               233.09251                       2750.0728
               233.34235                       3832.8882
               233.59218                        3854.061
               233.84201                       3875.2339
               234.09183                       3896.4055
               234.34166                       3917.5784
               234.59149                       3938.7512
               234.84132                       3959.9241
               235.09116                        3858.811
               235.34099                        3544.833
               235.59082                       3230.8555
               235.84065                       2916.8777
               236.09048                       2602.8999
               236.34032                       2288.9224
               236.59015                       1974.9446
               236.83998                       747.90631
               237.08981                      -266.49774
               237.33965                      -1280.9016
               237.58948                      -2295.3059
               237.83929                      -3309.6477
               238.08913                      -4324.0518
               238.33896                      -5326.1279
               238.58879                      -5793.5117
               238.83862                      -6260.8955
               239.08846                      -6728.2793
               239.33829                      -7195.6631
               239.58812                      -7663.0469
               239.83795                      -8130.4307
               240.08778                      -8383.2754
               240.33762                      -8240.0811
               240.58745                      -8096.8867
               240.83728                      -7953.6924
               241.08711                       -7810.498
               241.33694                      -7667.3042
               241.58678                      -7524.1104
               241.83661                      -7003.6309
               242.08643                      -6305.8154
               242.33626                       -5607.957
               242.58609                      -4910.0991
               242.83592                      -4212.2412
               243.08575                      -3514.3828
               243.33559                      -2421.5752
               243.58542                      -1823.1689
               243.83525                      -1224.7627
               244.08508                      -626.35626
               244.33492                      -27.949951
               244.58475                       570.45642
               244.83458                       1168.8627
               245.08441                        1725.671
               245.33424                       2200.9592
               245.58408                       2676.2476
               245.83389                       3151.5068
               246.08374                       3626.8242
               246.33356                       4102.0835
               246.58337                       4577.3428
               246.83322                       4848.9805
               247.08307                       4836.4902
               247.33289                       4824.0024
                247.5827                       4811.5142
               247.83255                       4799.0244
                248.0824                       4786.5347
               248.33221                       4774.0469
               248.58203                       4536.6431
               248.83188                       4298.1895
               249.08173                       4059.7356
               249.33154                        3821.311
               249.58136                       3582.8865
               249.83121                       3344.4326
               250.08102                       3032.3569
               250.33087                        2566.792
               250.58069                       2101.2834
               250.83051                       1635.7751
               251.08035                       1170.2098
                251.3302                       704.64478
               251.58002                       239.13635
               251.82983                      -346.76004
               252.07968                      -996.65601
               252.32953                      -1646.5519
               252.57935                      -2296.3687
               252.82916                      -2946.1853
               253.07901                      -3596.0811
               253.32886                      -4245.9775
               253.57867                      -4317.9121
               253.82849                      -4189.7529
               254.07831                      -4061.5942
               254.32816                      -3933.4197
                 254.578                      -3805.2451
               254.82782                      -3677.0864
               255.07764                      -3457.3816
               255.32748                      -3034.5981
               255.57733                      -2611.8147
               255.82715                       -2189.083
               256.07697                      -1766.3512
               256.32681                      -1343.5676
               256.57663                      -920.83594
               256.82648                       326.93616
               257.07629                       1324.9639
               257.32614                       2323.1133
               257.57596                       3321.1411
               257.82581                        4319.291
               258.07562                       5317.3188
               258.32547                       6315.4683
               258.57529                       6738.9277
               258.82513                       7143.7383
               259.07495                          7548.5
                259.3248                       7953.3105
               259.57462                       8358.0723
               259.82446                       8762.8828
               260.07428                       8972.7432
                260.3241                       8722.0137
               260.57394                       8471.2539
               260.82376                       8220.5254
               261.07361                       7969.7656
               261.32343                       7719.0361
               261.57327                       7468.2764
               261.82309                       6847.5073
               262.07294                       6005.7378
               262.32275                       5164.0713
                262.5726                       4322.3008
               262.82242                       3480.6343
               263.07227                       2638.8647
               263.32208                       1797.1975
               263.57193                       792.55951
               263.82175                       237.57935
               264.07156                       -317.4007
               264.32141                      -872.44849
               264.57123                      -1427.4287
               264.82108                      -1982.4764
               265.07089                      -2479.9404
               265.32074                      -2832.2827
               265.57056                      -3184.5823
                265.8204                      -3536.9248
               266.07022                      -3889.2241
               266.32007                      -4241.5664
               266.56989                      -4593.8662
               266.81973                      -4571.1377
               267.06955                      -4306.7178
                267.3194                      -4042.2651
               267.56921                       -3777.845
               267.81903                      -3513.4248
               268.06888                      -3248.9724
                268.3187                      -2984.5522
               268.56854                      -2653.0503
               268.81836                      -2317.4131
               269.06821                      -1981.7351
               269.31802                      -1646.0981
               269.56787                      -1310.4202
               269.81769                       -974.7832
               270.06754                      -625.53528
               270.31735                      -239.70221
                270.5672                       146.17801
               270.81702                       532.01105
               271.06686                        917.8913
               271.31668                       1303.7245
               271.56653                       1689.6049
               271.81635                       2086.5381
               272.06616                       2490.8965
               272.31601                       2895.3044
               272.56583                       3299.6628
               272.81567                        3704.071
               273.06549                       4108.4297
               273.31534                       4512.8374
               273.56516                        4352.436
                 273.815                       4084.9028
               274.06482                       3817.4023
               274.31467                       3549.8691
               274.56448                       3282.3684
               274.81433                       3014.8352
               275.06415                       2688.8135
                 275.314                       2193.3484
               275.56381                       1697.9438
               275.81366                       1202.4788
               276.06348                       707.07422
               276.31329                       211.66968
               276.56314                      -283.79529
               276.81296                      -1434.7159
               277.06281                      -2330.2974
               277.31262                      -3225.7693
               277.56247                      -4121.3506
               277.81229                      -5016.8228
               278.06213                      -5912.4043
               278.31195                       -6807.876
                278.5618                      -7181.1123
               278.81161                      -7505.3965
               279.06146                      -7829.7197
               279.31128                      -8154.0034
               279.56113                      -8478.3271
               279.81094                      -8802.6104
               280.06076                       -8970.168
               280.31061                      -8650.0332
               280.56042                      -8329.9375
               280.81027                      -8009.8018
               281.06009                      -7689.7061
               281.30994                      -7369.5713
               281.55975                      -7049.4746
                281.8096                      -6395.5195
               282.05942                      -5492.0215
               282.30927                      -4588.4131
               282.55908                      -3684.9155
               282.80893                      -2781.3071
               283.05875                      -1877.8096
               283.30859                      -974.20117
               283.55841                      -6.9762726
               283.80823                       489.68231
               284.05807                       986.40143
               284.30789                       1483.0601
               284.55774                       1979.7792
               284.80756                       2476.4377
                285.0574                        2919.167
               285.30722                        3180.864
               285.55707                        3442.593
               285.80688                         3704.29
               286.05673                        3966.019
               286.30655                       4227.7163
                286.5564                       4489.4453
               286.80621                        4298.292
               287.05606                       3887.4937
               287.30588                       3476.7451
               287.55573                       3065.9463
               287.80554                       2655.1978
               288.05536                       2244.4492
               288.30521                       1833.6504
               288.55502                       1454.8994
               288.80487                       1080.1641
               289.05469                       705.47455
               289.30453                        330.7392
               289.55435                      -43.950378
                289.8042                      -418.68579
               290.05402                      -782.37469
               290.30386                      -1106.2272
               290.55368                      -1430.0402
               290.80353                      -1753.8928
               291.05334                      -2077.7058
               291.30319                      -2401.5586
               291.55301                      -2725.3713
               291.80286                      -3015.5325
               292.05267                      -3277.5493
               292.30249                      -3539.5659
               292.55234                      -3801.6147
               292.80215                      -4063.6313
                 293.052                      -4325.6797
               293.30182                      -4587.6963
               293.55167                       -4315.332
               293.80148                      -3976.4653
               294.05133                      -3637.5571
               294.30115                      -3298.6904
               294.55099                      -2959.7822
               294.80081                      -2620.9153
               295.05066                      -2244.1357
               295.30048                      -1718.5126
               295.55032                      -1192.8252
               295.80014                      -667.20203
               296.04996                      -141.57886
                296.2998                        384.1084
               296.54962                       909.73169
               296.79947                       1994.4473
               297.04929                        2811.873
               297.29913                       3629.3987
               297.54895                       4446.8242
                297.7988                       5264.3501
               298.04861                       6081.7759
               298.29846                       6899.3013
               298.54828                       7237.4893
               298.79813                       7497.9336
               299.04794                       7758.3457
               299.29779                       8018.7905
               299.54761                       8279.2031
               299.79742                       8539.6152
               300.04727                       8680.7627
               300.29709                       8310.7227
               300.54694                       7940.6392
               300.79675                       7570.5996
                301.0466                       7200.5156
               301.29642                       6830.4766
               301.54626                       6460.3921
               301.79608                       5799.0347
               302.04593                       4866.5776
               302.29575                       3934.2346
               302.54559                       3001.7778
               302.79541                       2069.4343
               303.04526                       1136.9778
               303.29507                       204.63452
               303.54492                      -722.24866
               303.79474                      -1151.6621
               304.04456                      -1581.0754
                304.2944                      -2010.5413
               304.54422                      -2439.9548
               304.79407                      -2869.4207
               305.04388                      -3253.2603
               305.29373                      -3423.2612
               305.54355                      -3593.2415
                305.7934                      -3763.2422
               306.04321                      -3933.2227
               306.29306                      -4103.2236
               306.54288                      -4273.2036
               306.79272                      -3946.4177
               307.04254                      -3400.0273
               307.29239                      -2853.5698
               307.54221                      -2307.1797
               307.79205                      -1760.7223
               308.04187                      -1214.3317
               308.29169                      -667.94128
               308.54153                      -231.54176
               308.79135                       182.78577
                309.0412                       597.16406
               309.29102                       1011.4916
               309.54086                       1425.8699
               309.79068                       1840.1974
               310.04053                       2229.0515
               310.29034                        2486.043
               310.54019                       2743.0664
               310.79001                       3000.0581
               311.03986                       3257.0811
               311.28967                       3514.0728
               311.53952                       3771.0962
               311.78934                       3957.0103
               312.03915                       4069.2651
                 312.289                       4181.5342
               312.53882                       4293.7891
               312.78867                       4406.0576
               313.03848                       4518.3125
               313.28833                       4630.5815
               313.53815                       4243.0762
               313.78799                       3829.4353
               314.03781                        3415.845
               314.28766                       3002.2041
               314.53748                       2588.6135
               314.78732                       2174.9727
               315.03714                        1737.225
               315.28699                        1161.073
                315.5368                       584.99146
               315.78662                       8.9098511
               316.03647                      -567.24213
               316.28629                      -1143.3237
               316.53613                      -1719.4758
               316.78595                      -2782.1484
                317.0358                      -3527.8562
               317.28561                      -4273.4731
               317.53546                      -5019.1812
               317.78528                      -5764.7979
               318.03513                      -6510.5054
               318.28494                       -7256.123
               318.53479                      -7541.9561
               318.78461                      -7717.2759
               319.03445                      -7892.6172
               319.28427                       -8067.937
               319.53412                      -8243.2793
               319.78394                      -8418.5977
               320.03375                      -8508.8477
                320.2836                      -8054.4609
               320.53342                      -7600.1299
               320.78326                      -7145.7432
               321.03308                      -6691.4131
               321.28293                      -6237.0264
               321.53275                      -5782.6953
               321.78259                      -5074.1406
               322.03241                      -4072.1331
               322.28226                      -3070.0029
               322.53207                      -2067.9956
               322.78192                      -1065.8655
               323.03174                      -63.858154
               323.28159                       938.27222
                323.5314                       1836.1431
               323.78125                          2175.2
               324.03107                       2514.2153
               324.28088                       2853.2307
               324.53073                       3192.2876
               324.78055                        3531.303
                325.0304                       3831.7314
               325.28021                       3853.2661
               325.53006                       3874.8032
               325.77988                       3896.3379
               326.02972                        3917.875
               326.27954                       3939.4094
               326.52939                       3960.9468
               326.77921                       3379.4492
               327.02905                       2603.5503
               327.27887                       1827.7465
               327.52872                       1051.8475
               327.77853                        276.0437
               328.02835                      -499.76038
                328.2782                      -1275.6591
               328.52802                      -1824.1407
               328.77786                      -2308.2869
               329.02768                       -2792.374
               329.27753                        -3276.52
               329.52734                      -3760.6072
               329.77719                      -4244.7534
               330.02701                      -4692.0322
               330.27686                      -4835.6699
               330.52667                        -4979.29
               330.77652                      -5122.9277
               331.02634                      -5266.5479
               331.27618                      -5410.1851
                 331.526                      -5553.8052
               331.77582                      -5565.1016
               332.02567                      -5405.8779
               332.27548                      -5246.6738
               332.52533                      -5087.4507
               332.77515                      -4928.2466
               333.02499                      -4769.0234
               333.27481                      -4609.8188
               333.52466                      -3981.8496
               333.77448                      -3457.7617
               334.02432                      -2933.6099
               334.27414                      -2409.5222
               334.52399                      -1885.3704
                334.7738                      -1361.2825
               335.02365                       -830.8158
               335.27347                      -240.02588
               335.52332                       350.83627
               335.77313                        941.6261
               336.02295                        1532.416
                336.2728                       2123.2783
               336.52261                       2714.0679
               336.77246                       3633.5947
               337.02228                       4189.1445
               337.27213                       4744.7617
               337.52194                       5300.3115
               337.77179                       5855.9292
               338.02161                        6411.479
               338.27145                       6967.0967
               338.52127                       7148.4492
               338.77112                       7206.5757
               339.02094                       7264.6953
               339.27078                       7322.8218
                339.5206                       7380.9414
               339.77045                       7439.0684
               340.02026                       7453.9644
               340.27008                       6979.2178
               340.51993                       6504.4131
               340.76974                        6029.666
               341.01959                       5554.8613
               341.26941                       5080.1143
               341.51926                       4605.3096
               341.76907                       3942.4448
               342.01892                       3008.7241
               342.26874                       2075.1177
               342.51859                       1141.3969
                342.7684                       207.79053
               343.01825                      -725.93018
               343.26807                      -1659.5364
               343.51791                      -2451.5112
               343.76773                      -2686.1243
               344.01755                      -2920.7373
                344.2674                      -3155.3792
               344.51721                      -3389.9922
               344.76706                       -3624.634
               345.01688                      -3837.9214
               345.26672                      -3756.8406
               345.51654                      -3675.7695
               345.76639                       -3594.689
                346.0162                      -3513.6179
               346.26605                      -3432.5374
               346.51587                      -3351.4663
               346.76572                      -2670.6968
               347.01553                      -1832.1345
               347.26538                      -993.46979
                347.5152                      -154.90735
               347.76501                       683.65479
               348.01486                       1522.3196
               348.26468                       2360.8818
               348.51453                       2936.1128
               348.76434                       3411.4497
               349.01419                       3886.8447
               349.26401                       4362.1816
               349.51385                       4837.5767
               349.76367                       5312.9136
               350.01352                       5765.7988
               350.26334                       5825.1836
               350.51318                       5884.5757
                 350.763                       5943.9609
               351.01285                        6003.353
               351.26266                       6062.7383
               351.51251                       6122.1304
               351.76233                       6037.2188
               352.01215                       5719.8208
               352.26199                       5402.3848
               352.51181                       5084.9863
               352.76166                       4767.5498
               353.01147                       4450.1523
               353.26132                       4132.7158
               353.51114                       3394.6484
               353.76099                        2844.457
                354.0108                       2294.3325
               354.26065                       1744.1411
               354.51047                       1194.0166
               354.76031                        643.8252
               355.01013                       92.609634
               355.25998                       -484.4899
                355.5098                       -1061.519
               355.75964                      -1638.6185
               356.00946                      -2215.6477
               356.25928                      -2792.6768
               356.50912                      -3369.7764
               356.75894                       -4170.832
               357.00879                      -4573.5244
               357.25861                       -4976.168
               357.50845                      -5378.8604
               357.75827                      -5781.5039
               358.00812                      -6184.1963
               358.25793                      -6586.8398
               358.50778                      -6680.9653
                358.7576                      -6641.7041
               359.00745                      -6602.4375
               359.25726                      -6563.1758
               359.50711                      -6523.9102
               359.75693                      -6484.6484
               360.00674                      -6432.7173
               360.25659                      -5924.1084
               360.50641                       -5415.562
               360.75626                      -4906.9536
               361.00607                      -4398.4072
               361.25592                      -3889.7983
               361.50574                      -3381.2517
               361.75558                       -2729.123
                362.0054                      -1817.4004
               362.25525                      -905.56641
               362.50507                       6.1564941
               362.75491                       917.99036
               363.00473                       1829.7131
               363.25458                       2741.5471
               363.50439                       3447.2485
               363.75421                       3559.5591
               364.00406                       3671.8828
               364.25388                       3784.1931
               364.50372                       3896.5171
               364.75354                       4008.8274
               365.00339                        4116.479
                365.2532                       3884.2168
               365.50305                       3651.9258
               365.75287                       3419.6636
               366.00272                        3187.373
               366.25253                       2955.1104
               366.50238                       2722.8198
                366.7522                       1834.6685
               367.00204                       843.44067
               367.25186                      -147.66614
               367.50171                      -1138.8937
               367.75153                      -2130.0002
               368.00134                      -3121.1072
               368.25119                       -4112.335
               368.50101                      -4771.8594
               368.75085                      -5268.9727
               369.00067                      -5766.0254
               369.25052                      -6263.1387
               369.50034                      -6760.1914
               369.75018                      -7257.3047
                     370                      -7754.3574

