                       0                      -3585.1484
               0.2498312                      -3103.5974
               0.4996624                      -2622.0466
               0.7494936                      -2140.4956
               0.9993248                      -1658.9448
                1.249156                      -1177.3939
               1.4989872                      -695.84326
               1.7488184                      -176.81168
               1.9986496                       418.72198
               2.2484808                       1014.2557
                2.498312                       1609.7893
               2.7481432                        2205.323
               2.9979744                       2800.8567
               3.2478056                       3396.3901
               3.4976368                       3957.8896
                3.747468                       4054.8904
               3.9972992                       4151.8911
               4.2471304                       4248.8916
               4.4969616                       4345.8926
               4.7467928                       4442.8926
                4.996624                       4539.8936
               5.2464552                        4926.751
               5.4962864                       5317.5786
               5.7461176                       5708.4063
               5.9959488                       6099.2344
               6.2457809                       6490.0635
               6.4956112                       6880.8896
               6.7454414                       6836.9287
               6.9952736                       6717.8887
               7.2451057                       6598.8481
                7.494936                       6479.8086
               7.7447662                       6360.7695
               7.9945984                       6241.7295
               8.2444305                       6122.6895
               8.4942608                       6073.4316
                8.744091                       6062.7246
               8.9939232                       6052.0176
               9.2437553                       6041.3105
               9.4935856                        6030.604
               9.7434158                       6019.8975
                9.993248                       6009.1904
                10.24308                       6043.4873
                10.49291                       6079.0347
               10.742741                        6114.582
               10.992573                       6150.1289
               11.242405                       6185.6768
               11.492235                       6221.2236
               11.742065                         6292.02
               11.991898                       6444.3647
                12.24173                        6596.709
                12.49156                       6749.0527
                12.74139                       6901.3965
               12.991222                       7053.7402
               13.241055                        7206.085
               13.490885                       7307.8887
               13.740715                       6909.5366
               13.990547                       6511.1812
               14.240379                       6112.8262
                14.49021                       5714.4746
                14.74004                       5316.1221
               14.989872                       4917.7676
               15.239704                       4822.8721
               15.489534                       4740.7998
               15.739365                       4658.7275
               15.989197                       4576.6548
               16.239029                        4494.582
               16.488859                       4412.5093
               16.738689                       3856.7817
               16.988522                       3236.9475
               17.238354                       2617.1133
               17.488184                       1997.2839
               17.738014                       1377.4543
               17.987846                       757.62012
               18.237679                       137.78589
               18.487509                      -408.03195
               18.737339                      -907.93066
               18.987171                      -1407.8333
               19.237003                      -1907.7357
               19.486834                      -2407.6345
               19.736664                      -2907.5332
               19.986496                      -3407.4358
               20.236328                      -3936.0166
               20.486158                      -4466.2324
               20.735989                      -4996.4478
               20.985821                      -5526.6675
               21.235653                      -6056.8867
               21.485483                      -6587.1025
               21.735313                      -7187.6953
               21.985146                       -7974.041
               22.234978                      -8760.3867
                22.48481                      -9546.7334
               22.734638                      -10333.067
                22.98447                      -11119.413
               23.234303                       -11905.76
               23.484131                      -12644.871
               23.733963                      -12274.579
               23.983795                      -11904.286
               24.233627                      -11533.993
               24.483459                      -11163.701
               24.733288                      -10793.414
                24.98312                      -10423.121
               25.232952                      -10676.297
                25.48278                      -10974.644
               25.732613                      -11272.996
               25.982445                       -11571.35
               26.232277                      -11869.701
               26.482109                      -12168.054
               26.731937                      -11511.385
                26.98177                      -10654.291
               27.231602                      -9797.1973
                27.48143                      -8940.1162
               27.731262                      -8083.0229
               27.981094                      -7225.9287
               28.230927                       -6368.835
               28.480759                      -5661.0815
               28.730587                      -5057.0723
               28.980419                      -4453.0537
               29.230251                      -3849.0354
                29.48008                      -3245.0264
               29.729912                      -2641.0076
               29.979744                       -2036.989
               30.229576                      -1446.6129
               30.479408                      -857.44061
               30.729237                      -268.27728
               30.979069                       320.89502
               31.228901                       910.06726
               31.478729                       1499.2307
               31.728561                       2133.9751
               31.978394                       2907.0991
               32.228226                       3680.2231
               32.478058                       4453.3472
               32.727886                        5226.459
               32.977718                        5999.583
               33.227551                        6772.707
               33.477379                       7549.4473
               33.727211                       7513.8975
               33.977043                       7478.3481
               34.226875                       7442.7988
               34.476707                        7407.249
               34.726536                       7371.7002
               34.976368                       7336.1509
                 35.2262                       7727.9834
               35.476028                         8164.46
               35.725861                       8600.9434
               35.975693                       9037.4258
               36.225525                       9473.9082
               36.475357                       9910.3916
               36.725185                       9706.2002
               36.975018                       9320.6289
                37.22485                       8935.0586
               37.474678                       8549.4932
                37.72451                       8163.9224
               37.974342                       7778.3516
               38.224174                       7392.7803
               38.474007                       7105.7305
               38.723835                       6895.1328
               38.973667                       6684.5313
               39.223499                       6473.9307
               39.473328                       6263.3325
                39.72316                       6052.7314
               39.972992                       5842.1299
               40.222824                       5670.3877
               40.472656                        5503.355
               40.722485                       5336.3247
               40.972317                        5169.292
               41.222149                       5002.2598
               41.471977                       4835.2295
               41.721809                       4676.2305
               41.971642                       4545.5938
               42.221474                        4414.958
               42.471306                       4284.3218
               42.721134                       4153.6875
               42.970966                       4023.0513
               43.220798                        3892.415
               43.470627                       3744.8191
               43.720459                       3414.1982
               43.970291                       3083.5771
               44.220123                       2752.9561
               44.469955                       2422.3352
               44.719784                       2091.7192
               44.969616                       1761.0984
               45.219448                       1528.3367
               45.469276                       1309.1277
               45.719109                       1089.9153
               45.968941                       870.70306
               46.218773                       651.49072
               46.468605                       432.27844
               46.718433                       53.255112
               46.968266                      -348.01837
               47.218098                      -749.29187
               47.467926                      -1150.5593
               47.717758                      -1551.8328
                47.96759                      -1953.1063
               48.217422                      -2354.3796
               48.467255                      -2730.4473
               48.717083                      -3084.6943
               48.966915                      -3438.9463
               49.216747                      -3793.1987
               49.466576                      -4147.4453
               49.716408                      -4501.6973
                49.96624                      -4855.9502
               50.216072                      -5239.6025
               50.465904                      -5627.8486
               50.715733                      -6016.0889
               50.965565                       -6404.335
               51.215397                      -6792.5811
               51.465225                      -7180.8213
               51.715057                       -7612.689
                51.96489                      -8226.1484
               52.214722                      -8839.6084
               52.464554                      -9453.0684
               52.714382                       -10066.52
               52.964214                      -10679.979
               53.214046                      -11293.439
               53.463875                      -11943.251
               53.713707                      -11518.079
               53.963539                      -11092.908
               54.213371                      -10667.736
               54.463203                      -10242.564
               54.713028                      -9817.4063
                54.96286                      -9392.2344
               55.212692                      -9480.6426
               55.462524                      -9658.7334
               55.712357                      -9836.8232
               55.962189                      -10014.913
               56.212021                      -10193.003
               56.461853                      -10371.093
               56.711685                      -9772.5918
               56.961517                      -8918.8027
               57.211349                      -8065.0132
               57.461174                        -7211.25
               57.711006                      -6357.4614
               57.960838                      -5503.6719
                58.21067                      -4649.8828
               58.460503                      -3912.8018
               58.710327                      -3288.3167
               58.960159                      -2663.8125
               59.209991                      -2039.3086
               59.459824                      -1414.8043
               59.709656                      -790.30005
               59.959488                      -165.79602
                60.20932                       456.98898
               60.459152                       1079.4412
               60.708984                       1701.8936
               60.958817                       2324.3457
               61.208649                       2946.7979
               61.458473                        3569.231
               61.708305                       4229.0488
               61.958138                       5075.6782
                62.20797                       5922.3076
               62.457802                       6768.9375
               62.707626                       7615.5415
               62.957458                       8462.1699
               63.207291                       9308.7998
               63.457123                       10234.496
               63.706955                       10065.166
               63.956787                       9895.8359
               64.206619                       9726.5059
               64.456451                       9557.1768
               64.706284                       9387.8467
               64.956116                       9218.5166
                65.20594                        9538.877
               65.455772                       9963.5986
               65.705605                        10388.32
               65.955437                       10813.041
               66.205269                       11237.763
               66.455101                       11662.484
               66.704933                       11360.584
               66.954758                       10761.748
                67.20459                       10162.893
               67.454422                       9564.0371
               67.704254                       8965.1816
               67.954086                       8366.3271
               68.203918                       7767.4717
               68.453751                       7275.7793
               68.703583                       6899.2607
               68.953415                       6522.7427
               69.203239                       6146.2358
               69.453072                       5769.7173
               69.702904                       5393.1992
               69.952736                       5016.6812
               70.202568                       4670.1543
                 70.4524                       4330.6255
               70.702232                       3991.0962
               70.952057                       3651.5776
               71.201889                       3312.0488
               71.451721                       2972.5198
               71.701553                       2627.8164
               71.951385                       2251.2349
               72.201218                       1874.6532
                72.45105                       1498.0717
               72.700882                         1121.49
               72.950714                       744.90839
               73.200539                       368.33838
               73.450371                      -40.905155
               73.700203                      -266.38922
               73.950035                      -491.87329
               74.199867                      -717.35742
               74.449699                      -942.84143
               74.699532                      -1168.3256
               74.949356                      -1393.8027
               75.199188                      -1694.5342
                75.44902                      -2014.3972
               75.698853                      -2334.2603
               75.948685                      -2654.1235
               76.198517                      -2973.9866
               76.448349                      -3293.8496
               76.698181                      -3515.4463
               76.948013                      -3668.6489
               77.197838                      -3821.8467
                77.44767                      -3975.0493
               77.697502                       -4128.252
               77.947334                      -4281.4541
               78.197166                      -4434.6563
               78.446999                      -4601.6211
               78.696831                      -4785.0732
               78.946655                      -4968.5195
               79.196487                      -5151.9712
                79.44632                      -5335.4229
               79.696152                       -5518.875
               79.945984                      -5702.3267
               80.195816                      -5917.9116
               80.445648                      -6142.3608
                80.69548                      -6366.8096
               80.945313                      -6591.2588
               81.195137                      -6815.7007
               81.444969                      -7040.1499
               81.694801                      -7284.9199
               81.944633                      -7689.8022
               82.194466                      -8094.6846
               82.444298                      -8499.5664
                82.69413                      -8904.4482
               82.943954                      -9309.3184
               83.193787                      -9714.2012
               83.443619                      -10211.559
               83.693451                      -9777.6348
               83.943283                       -9343.709
               84.193115                      -8909.7832
               84.442947                      -8475.8584
                84.69278                      -8041.9331
               84.942612                      -7608.0078
               85.192436                      -7547.0078
               85.442268                      -7597.2188
               85.692101                      -7647.4302
               85.941933                      -7697.6416
               86.191765                      -7747.8525
               86.441597                       -7798.064
               86.691429                      -7286.0879
               86.941254                      -6507.7529
               87.191086                      -5729.3945
               87.440918                      -4951.0356
                87.69075                      -4172.6768
               87.940582                      -3394.3179
               88.190414                      -2615.9592
               88.440247                      -1917.7266
               88.690079                      -1326.6094
               88.939911                      -735.49231
               89.189735                      -144.39337
               89.439568                       446.72388
                 89.6894                       1037.8407
               89.939232                       1628.9579
               90.189064                       2229.9946
               90.438896                       2834.2195
               90.688728                       3438.4443
               90.938553                       4042.6509
               91.188385                        4646.876
               91.438217                       5251.1006
               91.688049                       5876.6934
               91.937881                       6730.5459
               92.187714                       7584.3994
               92.437546                        8438.252
               92.687378                       9292.1055
                92.93721                       10145.959
               93.187035                       10999.785
               93.436867                       12025.127
               93.686699                       11740.807
               93.936531                       11456.487
               94.186363                       11172.168
               94.436195                       10887.848
               94.686028                       10603.527
               94.935852                       10319.216
               95.185684                       10525.369
               95.435516                       10900.965
               95.685349                       11276.561
               95.935181                       11652.156
               96.185013                       12027.752
               96.434845                       12403.348
               96.684677                       12054.246
               96.934509                        11292.12
               97.184334                       10530.018
               97.434166                       9767.8926
               97.683998                       9005.7666
                97.93383                       8243.6406
               98.183662                       7481.5146
               98.433495                       6821.7725
               98.683327                       6315.0273
               98.933151                       5808.2979
               99.182983                       5301.5527
               99.432816                       4794.8076
               99.682648                       4288.0625
                99.93248                       3781.3174
               100.18231                       3297.8159
               100.43214                       2822.9229
               100.68198                       2348.0295
               100.93181                       1873.1365
               101.18163                       1398.2578
               101.43147                       923.36462
                101.6813                       442.02725
               101.93113                      -142.88918
               102.18096                      -727.80554
               102.43079                      -1312.7222
               102.68063                      -1897.6383
               102.93045                      -2482.5371
               103.18028                      -3067.4534
               103.43011                      -3755.9883
               103.67995                      -3860.3667
               103.92978                      -3964.7456
               104.17961                      -4069.1243
               104.42944                      -4173.5029
               104.67928                      -4277.8818
               104.92911                      -4382.2607
               105.17893                      -4692.2666
               105.42876                      -5083.7549
                105.6786                      -5475.2432
               105.92843                       -5866.731
               106.17826                      -6258.2192
               106.42809                      -6649.7075
               106.67793                      -6753.2813
               106.92775                      -6649.6182
               107.17758                      -6545.9526
               107.42741                      -6442.2871
               107.67725                      -6338.6211
               107.92708                      -6234.9556
               108.17691                        -6131.29
               108.42674                      -6066.8955
               108.67657                      -6068.2676
               108.92641                      -6069.6387
               109.17623                      -6071.0107
               109.42606                      -6072.3828
                109.6759                      -6073.7544
               109.92573                       -6075.126
               110.17556                      -6110.4023
               110.42539                      -6160.0225
               110.67522                      -6209.6421
               110.92505                      -6259.2607
               111.17488                      -6308.8799
               111.42471                         -6358.5
               111.67455                      -6412.0981
               111.92438                       -6587.832
               112.17421                      -6763.5659
               112.42404                      -6939.2993
               112.67387                      -7115.0332
               112.92371                      -7290.7671
               113.17353                      -7466.4956
               113.42336                      -7746.6807
               113.67319                      -7339.6323
               113.92303                       -6932.584
               114.17286                      -6525.5356
               114.42269                      -6118.4873
               114.67252                      -5711.4385
               114.92235                      -5304.4028
               115.17218                      -5125.1118
               115.42201                      -5048.5371
               115.67184                      -4971.9629
               115.92168                      -4895.3887
               116.17151                       -4818.814
               116.42134                      -4742.2397
               116.67117                      -4322.3521
               116.92101                      -3673.2314
               117.17083                      -3024.1309
               117.42066                      -2375.0103
               117.67049                      -1725.8898
               117.92033                      -1076.7694
               118.17017                      -427.62891
               118.41998                       176.97601
               118.66983                        697.9007
               118.91965                       1218.7617
               119.16948                       1739.6545
               119.41931                       2260.5474
               119.66914                       2781.4402
               119.91898                        3302.333
               120.16881                       3841.1699
               120.41864                       4388.6191
               120.66847                       4936.0688
                120.9183                       5483.5186
               121.16812                       6030.9346
               121.41797                        6578.417
               121.66779                            7127
               121.91763                       7936.0962
               122.16745                       8745.0938
                122.4173                       9554.1895
               122.66711                       10363.188
               122.91695                       11172.234
               123.16678                       11981.281
               123.41661                       13065.209
               123.66644                        12688.41
               123.91628                       12311.611
               124.16611                       11934.812
               124.41594                       11558.013
               124.66577                       11181.214
                124.9156                       10804.414
               125.16544                        10882.66
               125.41525                       11193.025
                125.6651                       11503.428
               125.91492                       11813.792
               126.16476                       12124.195
               126.41458                        12434.56
               126.66443                       12744.963
               126.91425                       11210.055
               127.16408                       10331.723
               127.41391                       9453.3906
               127.66374                       8575.0586
               127.91357                       7696.7275
               128.16341                       6818.3965
               128.41324                       6022.0703
               128.66307                       5400.1221
                128.9129                       4778.1738
               129.16273                       4156.2256
               129.41257                       3534.2776
                129.6624                       2912.3296
               129.91223                       2290.3813
               130.16205                       1676.3051
               130.41188                       1066.4348
               130.66171                       456.56458
               130.91154                      -153.30554
               131.16138                       -763.1759
               131.41121                      -1373.0461
               131.66104                      -1982.9163
               131.91087                      -2775.7979
               132.16071                      -3572.8989
               132.41054                           -4370
               132.66037                      -5167.1016
                132.9102                      -5964.2026
               133.16003                      -6761.3037
               133.40987                      -7784.2153
                133.6597                       -7745.959
               133.90952                      -7707.7051
               134.15935                      -7669.4487
               134.40918                      -7631.1924
               134.65901                      -7592.9365
               134.90884                      -7554.6802
               135.15868                      -7822.5928
               135.40851                      -8266.3936
               135.65834                      -8710.1934
               135.90817                      -9153.9941
                 136.158                      -9597.7949
               136.40784                      -10041.596
               136.65767                      -10485.396
                136.9075                       -9650.293
               137.15733                      -9248.2666
               137.40717                      -8846.2393
                 137.657                      -8444.2129
               137.90683                      -8042.1855
               138.15665                      -7640.1831
               138.40648                       -7291.375
               138.65631                      -7071.1045
               138.90614                       -6850.835
               139.15598                      -6630.5654
               139.40581                      -6410.2949
               139.65564                      -6190.0254
               139.90547                      -5969.7559
                140.1553                      -5776.9058
               140.40514                      -5600.7461
               140.65497                      -5424.5859
                140.9048                      -5248.4258
               141.15463                      -5072.2656
               141.40446                      -4896.1055
                141.6543                      -4719.9453
               141.90411                      -4579.6025
               142.15395                      -4441.1162
               142.40378                      -4302.6309
               142.65361                      -4164.1445
               142.90344                      -4025.6592
               143.15327                      -3887.1733
               143.40311                      -3787.0955
               143.65294                      -3455.9229
               143.90277                      -3124.7505
                144.1526                      -2793.5781
               144.40244                      -2462.4053
               144.65227                      -2131.2329
                144.9021                      -1800.0605
               145.15193                      -1534.5709
               145.40176                      -1311.4055
                145.6516                        -1088.24
               145.90143                      -865.07446
               146.15125                      -641.92273
               146.40108                       -418.7572
               146.65091                      -195.59174
               146.90074                       311.97351
               147.15057                       712.13074
               147.40041                        1112.288
               147.65024                       1512.4452
               147.90007                       1912.6023
                148.1499                       2312.7595
               148.39973                        2700.936
               148.64957                       3056.0195
                148.8994                        3411.103
               149.14923                       3766.1865
               149.39906                       4121.2705
                149.6489                       4476.3535
               149.89871                        4831.415
               150.14854                       5205.8804
               150.39838                       5593.5615
               150.64821                       5981.2427
               150.89804                       6368.9238
               151.14787                       6756.6045
               151.39771                       7144.2852
               151.64754                       7531.9668
               151.89737                       8125.9766
                152.1472                       8737.0996
               152.39703                       9348.2236
               152.64687                       9959.3477
                152.8967                       10570.471
               153.14653                       11181.594
               153.39636                       12111.367
               153.64619                       11682.563
               153.89603                       11253.758
               154.14584                       10824.979
               154.39568                       10396.174
               154.64551                       9967.3682
               154.89534                       9538.5645
               155.14517                       9463.3535
                 155.395                       9643.0645
               155.64484                       9822.7744
               155.89467                       10002.484
                156.1445                       10182.195
               156.39433                       10361.905
               156.64417                       10541.615
                 156.894                       9188.3027
               157.14383                       8336.3594
               157.39366                       7484.4175
               157.64349                       6632.4756
               157.89331                        5780.585
               158.14314                       4928.6426
               158.39297                       4131.2207
               158.64281                       3507.6411
               158.89264                       2884.0608
               159.14247                        2260.481
                159.3923                       1636.9009
               159.64214                       1013.3208
               159.89197                       389.74084
                160.1418                      -235.43616
               160.39163                      -861.82971
               160.64146                      -1488.2233
                160.8913                      -2114.6169
               161.14113                      -2741.0103
               161.39096                      -3367.4038
               161.64079                      -3993.7976
               161.89063                      -4824.2197
               162.14044                      -5678.1665
               162.39027                      -6532.1655
               162.64011                      -7386.1646
               162.88994                      -8240.1641
               163.13977                      -9094.1621
                163.3896                      -10303.566
               163.63943                      -10137.215
               163.88927                      -9970.8613
                164.1391                      -9804.5098
               164.38893                      -9638.1582
               164.63876                      -9471.8057
                164.8886                      -9305.4531
               165.13843                      -9469.5996
               165.38826                      -9899.7236
               165.63809                      -10329.848
               165.88791                      -10759.946
               166.13774                       -11190.07
               166.38757                      -11620.195
               166.63741                       -12050.32
               166.88724                      -11001.033
               167.13707                      -10401.629
                167.3869                      -9802.2236
               167.63673                      -9202.8193
               167.88657                      -8603.4141
                168.1364                      -8004.0098
               168.38623                      -7451.6875
               168.63606                      -7074.6309
               168.88589                      -6697.5752
               169.13573                      -6320.5186
               169.38556                      -5943.4624
               169.63539                      -5566.4063
               169.88522                      -5189.3501
               170.13504                      -4832.5625
               170.38487                      -4492.9619
                170.6347                      -4153.3613
               170.88454                       -3813.761
               171.13437                      -3474.1604
                171.3842                      -3134.5598
               171.63403                       -2794.959
               171.88387                      -2423.2754
                172.1337                      -2046.7708
               172.38353                      -1670.2659
               172.63336                       -1293.761
               172.88319                       -917.2561
               173.13303                      -540.75122
               173.38286                      -89.135193
               173.63269                       141.44363
               173.88251                       372.00836
               174.13234                       602.58722
               174.38217                       833.16602
                 174.632                       1063.7449
               174.88184                       1294.3237
               175.13167                       1573.0869
                175.3815                       1895.0928
               175.63133                       2217.0986
               175.88116                       2539.1045
                 176.131                       2861.1101
               176.38083                        3183.116
               176.63066                       3505.1216
               176.88049                       3611.4106
               177.13033                       3770.7959
               177.38016                       3930.1814
               177.62999                       4089.5669
               177.87982                       4248.9526
               178.12964                       4408.3281
               178.37947                       4572.9629
                178.6293                       4760.7676
               178.87914                       4948.5732
               179.12897                       5136.3779
                179.3788                       5324.1836
               179.62863                       5511.9888
               179.87846                       5699.7939
                180.1283                       5909.9268
               180.37813                       6141.2109
               180.62796                       6372.4951
               180.87779                       6603.7793
               181.12762                       6835.0635
               181.37746                       7066.3477
               181.62729                       7297.6318
               181.87711                       7686.8486
               182.12694                       8105.6509
               182.37677                       8524.4541
                182.6266                       8943.2559
               182.87643                       9362.0586
               183.12627                       9780.8613
                183.3761                       10525.908
               183.62593                       10086.426
               183.87576                       9646.9434
                184.1256                       9207.4609
               184.37543                       8767.9785
               184.62526                       8328.4961
               184.87509                       7889.0146
               185.12492                       7695.2852
               185.37476                       7747.2793
               185.62459                       7799.2734
               185.87442                       7851.2666
               186.12424                       7903.2578
               186.37407                        7955.252
                186.6239                       8007.2456
               186.87373                       6865.9346
               187.12357                        6070.291
                187.3734                        5274.647
               187.62323                       4479.0034
               187.87306                       3683.3596
               188.12289                       2887.7158
               188.37273                       2122.6375
               188.62256                       1520.8154
               188.87239                       918.99353
               189.12222                       317.17145
               189.37206                      -284.65039
               189.62189                      -886.47253
                189.8717                      -1488.2576
               190.12154                      -2094.5986
               190.37137                      -2705.7102
                190.6212                      -3316.8218
               190.87103                      -3927.9336
               191.12086                      -4539.0449
                191.3707                      -5150.1563
               191.62053                      -5761.2676
               191.87036                      -6578.0767
               192.12019                      -7441.4824
               192.37003                      -8304.8887
               192.61986                      -9168.2949
               192.86969                      -10031.701
               193.11952                      -10895.107
               193.36935                      -12247.558
               193.61919                      -11961.232
               193.86902                      -11674.908
               194.11884                        -11388.6
               194.36867                      -11102.275
                194.6185                       -10815.95
               194.86833                      -10529.625
               195.11816                      -10560.465
                 195.368                      -10944.716
               195.61783                      -11328.967
               195.86766                      -11713.219
               196.11749                      -12097.469
               196.36732                      -12481.721
               196.61716                      -12865.972
               196.86699                      -11675.925
               197.11682                      -10907.926
               197.36665                      -10139.928
               197.61649                      -9371.9277
                197.8663                      -8603.9766
               198.11613                      -7835.9775
               198.36597                      -7101.0439
                198.6158                      -6586.1431
               198.86563                      -6071.2422
               199.11546                      -5556.3418
                199.3653                      -5041.4404
               199.61513                        -4526.54
               199.86496                      -4011.6389
               200.11479                      -3509.3271
               200.36462                       -3021.825
               200.61446                      -2534.3228
               200.86429                      -2046.8207
               201.11412                      -1559.3186
               201.36395                      -1071.8165
               201.61378                      -584.31445
               201.86362                      -9.2062378
               202.11343                       589.39093
               202.36327                       1188.0247
                202.6131                       1786.6583
               202.86293                        2385.292
               203.11276                       2983.9258
               203.36259                       3818.3311
               203.61243                       3924.1453
               203.86226                       4029.9595
               204.11209                       4135.7734
               204.36192                       4241.5879
               204.61176                       4347.4019
               204.86159                       4453.2158
               205.11142                       4690.1641
               205.36125                       5090.0137
               205.61108                       5489.8633
                205.8609                       5889.6895
               206.11073                       6289.5391
               206.36057                       6689.3887
                206.6104                       7089.2383
               206.86023                       6826.8838
               207.11006                        6719.377
               207.35989                       6611.8691
               207.60973                       6504.3623
               207.85956                       6396.8545
               208.10939                       6289.3477
               208.35922                       6192.7607
               208.60905                       6190.6182
               208.85889                       6188.4746
               209.10872                       6186.3311
               209.35855                        6184.188
               209.60838                       6182.0449
               209.85822                       6179.9014
               210.10803                       6198.7754
               210.35786                       6245.2349
                210.6077                       6291.6943
               210.85753                       6338.1543
               211.10736                       6384.6138
               211.35719                       6431.0732
               211.60703                       6477.5332
               211.85686                       6620.9722
               212.10669                       6794.8262
               212.35652                       6968.6807
               212.60635                       7142.5347
               212.85619                       7316.3887
               213.10602                       7490.2427
               213.35585                        7926.374
               213.60568                       7513.3354
                213.8555                       7100.3223
               214.10533                       6687.2832
               214.35516                       6274.2446
                 214.605                       5861.2061
               214.85483                        5448.167
               215.10466                       5174.4443
               215.35449                       5093.9644
               215.60432                       5013.4844
               215.85416                       4933.0039
               216.10399                       4852.5234
               216.35382                        4772.043
               216.60365                       4691.5635
               216.85349                       3844.8813
               217.10332                       3189.0745
               217.35315                       2533.2678
               217.60298                       1877.4612
               217.85281                       1221.6545
               218.10263                       565.88818
               218.35246                      -79.944046
               218.60229                      -605.51788
               218.85213                      -1131.0917
               219.10196                      -1656.6655
               219.35179                      -2182.2393
               219.60162                       -2707.813
               219.85146                      -3233.3872
               220.10129                      -3770.5835
               220.35112                      -4324.8252
               220.60095                      -4879.0674
               220.85078                      -5433.3086
               221.10062                      -5987.5508
               221.35045                       -6541.793
               221.60028                      -7096.0342
                221.8501                      -7845.6689
               222.09993                      -8666.0889
               222.34976                      -9486.5078
               222.59959                      -10306.928
               222.84943                      -11127.348
               223.09926                      -11947.768
               223.34909                      -13365.997
               223.59892                      -12979.008
               223.84875                      -12592.019
               224.09859                      -12205.029
               224.34842                       -11818.04
               224.59825                      -11431.051
               224.84808                      -11044.062
               225.09792                      -10927.328
               225.34775                        -11229.9
               225.59758                      -11532.472
               225.84741                      -11835.043
               226.09723                      -12137.596
               226.34706                      -12440.168
               226.59689                      -12742.738
               226.84673                      -11498.648
               227.09656                      -10596.667
               227.34639                      -9694.6855
               227.59622                      -8792.7031
               227.84605                      -7890.7217
               228.09589                      -6988.7397
               228.34572                      -6100.0791
               228.59555                      -5466.6973
               228.84538                      -4833.3159
               229.09521                      -4199.9341
               229.34505                      -3566.5527
               229.59488                      -2933.1709
                229.8447                      -2299.8279
               230.09453                      -1673.9061
               230.34436                      -1060.2404
               230.59419                      -446.57465
               230.84402                       167.09088
               231.09386                       780.75677
               231.34369                       1394.4226
               231.59352                       2008.0884
               231.84335                       2753.4561
               232.09319                       3553.3516
               232.34302                       4353.2471
               232.59285                       5153.1431
               232.84268                       5953.0381
               233.09251                       6752.9341
               233.34235                       8009.9497
               233.59218                       7959.1113
               233.84201                       7908.2734
               234.09183                        7857.438
               234.34166                       7806.5996
               234.59149                       7755.7612
               234.84132                       7704.9229
               235.09116                        7833.584
               235.34099                       8274.7012
               235.59082                       8715.8193
               235.84065                       9156.9375
               236.09048                       9598.0547
               236.34032                       10039.172
               236.59015                       10480.289
               236.83998                       9852.2031
               237.08981                       9435.3848
               237.33965                       9018.5664
               237.58948                        8601.748
               237.83929                       8184.9556
               238.08913                       7768.1372
               238.33896                       7355.5596
               238.58879                       7126.8848
               238.83862                         6898.21
               239.08846                       6669.5352
               239.33829                       6440.8604
               239.58812                       6212.1855
               239.83795                       5983.5112
               240.08778                       5770.6826
               240.33762                        5587.105
               240.58745                       5403.5273
               240.83728                       5219.9502
               241.08711                       5036.3726
               241.33694                       4852.7949
               241.58678                       4669.2178
               241.83661                        4509.667
               242.08643                       4361.4219
               242.33626                        4213.167
               242.58609                       4064.9126
               242.83592                        3916.658
               243.08575                       3768.4033
               243.33559                       3704.7813
               243.58542                       3380.2454
               243.83525                       3055.7095
               244.08508                       2731.1738
               244.33492                       2406.6377
               244.58475                       2082.1021
               244.83458                       1757.5662
               245.08441                       1467.2473
               245.33424                       1243.9832
               245.58408                       1020.7191
               245.83389                       797.46875
               246.08374                       574.19104
               246.33356                       350.94061
               246.58337                       127.69025
               246.83322                      -313.65918
               247.08307                      -700.05225
               247.33289                      -1086.3982
                247.5827                      -1472.7441
               247.83255                      -1859.1372
                248.0824                        -2245.53
               248.33221                       -2631.876
               248.58203                      -2979.1455
               248.83188                      -3326.2798
               249.08173                      -3673.4146
               249.33154                      -4020.5066
               249.58136                      -4367.5986
               249.83121                      -4714.7334
               250.08102                      -5073.4956
               250.33087                      -5456.6162
               250.58069                      -5839.6904
               250.83051                      -6222.7646
               251.08035                      -6605.8857
                251.3302                      -6989.0068
               251.58002                      -7372.0811
               251.82983                      -7900.6885
               252.07968                      -8506.6426
               252.32953                      -9112.5957
               252.57935                      -9718.4746
               252.82916                      -10324.354
               253.07901                      -10930.308
               253.32886                      -11536.262
               253.57867                      -11704.475
               253.82849                      -11277.518
               254.07831                      -10850.563
               254.32816                      -10423.553
                 254.578                      -9996.5449
               254.82782                      -9569.5879
               255.07764                      -9328.8076
               255.32748                      -9500.9414
               255.57733                      -9673.0762
               255.82715                      -9845.1895
               256.07697                      -10017.303
               256.32681                      -10189.438
               256.57663                       -10361.55
               256.82648                      -9287.1816
               257.07629                      -8435.6211
               257.32614                      -7583.9561
               257.57596                      -6732.3955
               257.82581                      -5880.7305
               258.07562                      -5029.1699
               258.32547                      -4177.5059
               258.57529                      -3550.0938
               258.82513                      -2929.9011
               259.07495                      -2309.7837
                259.3248                      -1689.5908
               259.57462                      -1069.4738
               259.82446                      -449.28076
               260.07428                       170.43048
                260.3241                       789.18225
               260.57394                       1408.0095
               260.82376                       2026.7612
               261.07361                       2645.5884
               261.32343                       3264.3403
               261.57327                       3883.1675
               261.82309                       4642.6221
               262.07294                       5486.1738
               262.32275                       6329.6221
                262.5726                       7173.1738
               262.82242                       8016.6221
               263.07227                       8860.1738
               263.32208                       9703.6221
               263.57193                       10154.357
               263.82175                       9982.1152
               264.07156                        9809.875
               264.32141                       9637.6133
               264.57123                       9465.3711
               264.82108                       9293.1094
               265.07089                        9289.291
               265.32074                       9710.6055
               265.57056                        10131.87
                265.8204                       10553.185
               266.07022                       10974.449
               266.32007                       11395.764
               266.56989                       11817.027
               266.81973                       11044.352
               267.06955                       10445.913
                267.3194                       9847.4004
               267.56921                       9248.9619
               267.81903                       8650.5225
               268.06888                       8052.0107
                268.3187                       7453.5718
               268.56854                       7067.4912
               268.81836                       6694.6865
               269.06821                       6321.8359
               269.31802                       5949.0313
               269.56787                       5576.1807
               269.81769                        5203.376
               270.06754                       4840.3911
               270.31735                       4504.0806
                270.5672                       4167.7285
               270.81702                        3831.418
               271.06686                       3495.0664
               271.31668                       3158.7556
               271.56653                       2822.4038
               271.81635                       2460.5774
               272.06616                       2081.6831
               272.31601                       1702.7427
               272.56583                       1323.8486
               272.81567                       944.90808
               273.06549                       566.01379
               273.31534                       187.07349
               273.56516                      -155.39822
                 273.815                      -380.96075
               274.06482                      -606.49573
               274.31467                      -832.05823
               274.56448                      -1057.5933
               274.81433                      -1283.1559
               275.06415                      -1532.3079
                 275.314                      -1849.8556
               275.56381                      -2167.3645
               275.81366                      -2484.9124
               276.06348                      -2802.4211
               276.31329                      -3119.9302
               276.56314                       -3437.478
               276.81296                      -3575.3047
               277.06281                      -3725.3223
               277.31262                      -3875.3213
               277.56247                      -4025.3389
               277.81229                      -4175.3379
               278.06213                      -4325.3555
               278.31195                      -4475.3545
                278.5618                      -4657.8369
               278.81161                      -4843.3359
               279.06146                      -5028.8574
               279.31128                      -5214.3564
               279.56113                      -5399.8789
               279.81094                      -5585.3779
               280.06076                      -5781.5674
               280.31061                      -6011.0503
               280.56042                      -6240.5049
               280.81027                      -6469.9873
               281.06009                      -6699.4414
               281.30994                      -6928.9238
               281.55975                      -7158.3784
                281.8096                      -7491.7349
               282.05942                      -7902.7246
               282.30927                      -8313.7656
               282.55908                      -8724.7549
               282.80893                      -9135.7949
               283.05875                      -9546.7852
               283.30859                      -9957.8242
               283.55841                      -10072.791
               283.80823                      -9638.4102
               284.05807                      -9203.9766
               284.30789                      -8769.5957
               284.55774                      -8335.1621
               284.80756                      -7900.7808
                285.0574                      -7578.5771
               285.30722                      -7632.6182
               285.55707                       -7686.665
               285.80688                      -7740.7061
               286.05673                      -7794.7529
               286.30655                      -7848.7939
                286.5564                      -7902.8408
               286.80621                      -7008.6108
               287.05606                      -6226.4282
               287.30588                      -5444.3413
               287.55573                      -4662.1592
               287.80554                      -3880.0718
               288.05536                      -3097.9851
               288.30521                      -2315.8025
               288.55502                      -1699.3522
               288.80487                      -1103.8529
               289.05469                      -508.42633
               289.30453                       87.072998
               289.55435                       682.49976
                289.8042                        1277.999
               290.05402                       1875.8505
               290.30386                       2482.5659
               290.55368                       3089.2073
               290.80353                       3695.9229
               291.05334                       4302.5645
               291.30319                       4909.2798
               291.55301                       5515.9209
               291.80286                       6259.2373
               292.05267                       7116.4297
               292.30249                        7973.623
               292.55234                       8830.9219
               292.80215                       9688.1143
                 293.052                       10545.412
               293.30182                       11402.605
               293.55167                       11912.502
               293.80148                       11629.667
               294.05133                       11346.797
               294.30115                       11063.963
               294.55099                       10781.093
               294.80081                       10498.258
               295.05066                       10349.237
               295.30048                       10726.453
               295.55032                       11103.715
               295.80014                       11480.932
               296.04996                       11858.148
                296.2998                        12235.41
               296.54962                       12612.626
               296.79947                        11737.13
               297.04929                       10973.205
               297.29913                       10209.188
               297.54895                       9445.2637
                297.7988                       8681.2461
               298.04861                       7917.3218
               298.29846                       7153.3037
               298.54828                       6607.7979
               298.79813                       6097.6758
               299.04794                       5587.6162
               299.29779                       5077.4937
               299.54761                       4567.4336
               299.79742                        4057.374
               300.04727                       3552.2808
               300.29709                       3068.7969
               300.54694                       2585.2539
               300.79675                       2101.7698
                301.0466                       1618.2267
               301.29642                       1134.7427
               301.54626                       651.19946
               301.79608                       108.83493
               302.04593                      -488.37375
               302.29575                      -1085.5094
               302.54559                       -1682.718
               302.79541                      -2279.8538
               303.04526                      -2877.0625
               303.29507                      -3474.1982
               303.54492                        -3944.95
               303.79474                      -4045.6387
               304.04456                      -4146.3281
                304.2944                      -4247.0293
               304.54422                      -4347.7178
               304.79407                      -4448.4189
               305.04388                      -4600.6699
               305.29373                      -4994.9292
               305.54355                      -5389.1406
                305.7934                      -5783.4004
               306.04321                      -6177.6113
               306.29306                      -6571.8711
               306.54288                       -6966.082
               306.79272                      -6831.4355
               307.04254                      -6716.3662
               307.29239                      -6601.2822
               307.54221                      -6486.2129
               307.79205                      -6371.1289
               308.04187                      -6256.0596
               308.29169                      -6140.9902
               308.54153                      -6117.6147
               308.79135                      -6112.5898
                309.0412                      -6107.5645
               309.29102                      -6102.5396
               309.54086                      -6097.5137
               309.79068                      -6092.4893
               310.04053                      -6094.9785
               310.29034                      -6136.2793
               310.54019                       -6177.585
               310.79001                      -6218.8857
               311.03986                      -6260.1914
               311.28967                      -6301.4917
               311.53952                      -6342.7974
               311.78934                      -6441.2197
               312.03915                      -6598.8389
                 312.289                      -6756.4775
               312.53882                      -6914.0967
               312.78867                      -7071.7344
               313.03848                      -7229.3535
               313.28833                      -7386.9922
               313.53815                      -7386.7764
               313.78799                      -6982.4399
               314.03781                      -6578.1523
               314.28766                      -6173.8164
               314.53748                      -5769.5293
               314.78732                      -5365.1924
               315.03714                      -5009.7217
               315.28699                      -4933.7842
                315.5368                      -4857.8564
               315.78662                      -4781.9282
               316.03647                      -4705.9907
               316.28629                      -4630.0625
               316.53613                       -4554.125
               316.78595                       -3891.324
                317.0358                      -3265.9375
               317.28561                      -2640.6277
               317.53546                      -2015.2415
               317.78528                      -1389.9314
               318.03513                      -764.54541
               318.28494                      -139.23535
               318.53479                       387.88605
               318.78461                       891.33594
               319.03445                       1394.8474
               319.28427                       1898.2974
               319.53412                       2401.8091
               319.78394                        2905.259
               320.03375                       3412.8174
                320.2836                       3946.7402
               320.53342                       4480.5981
               320.78326                       5014.5215
               321.03308                       5548.3789
               321.28293                       6082.3018
               321.53275                       6616.1592
               321.78259                       7267.2334
               322.03241                       8053.5244
               322.28226                       8839.9121
               322.53207                       9626.2031
               322.78192                       10412.592
               323.03174                       11198.883
               323.28159                        11985.27
                323.5314                       12504.952
               323.78125                       12139.226
               324.03107                       11773.543
               324.28088                       11407.861
               324.53073                       11042.135
               324.78055                       10676.452
                325.0304                       10391.881
               325.28021                       10693.211
               325.53006                       10994.578
               325.77988                       11295.907
               326.02972                       11597.273
               326.27954                       11898.604
               326.52939                        12199.97
               326.77921                       11334.643
               327.02905                       10483.641
               327.27887                       9632.7422
               327.52872                       8781.7393
               327.77853                       7930.8408
               328.02835                       7079.9424
                328.2782                       6228.9404
               328.52802                       5576.8945
               328.77786                       4981.1064
               329.02768                       4385.3916
               329.27753                        3789.603
               329.52734                       3193.8877
               329.77719                       2598.0996
               330.02701                       2004.2766
               330.27686                       1425.9963
               330.52667                        847.7868
               330.77652                       269.50671
               331.02634                      -308.70288
               331.27618                      -886.98315
                 331.526                      -1465.1927
               331.77582                       -2122.427
               332.02567                      -2881.5786
               332.27548                      -3640.6377
               332.52533                      -4399.7891
               332.77515                      -5158.8477
               333.02499                      -5917.9995
               333.27481                      -6677.0591
               333.52466                      -7292.4063
               333.77448                       -7266.168
               334.02432                      -7239.9253
               334.27414                      -7213.6865
               334.52399                      -7187.4443
                334.7738                      -7161.2051
               335.02365                      -7178.7969
               335.27347                      -7615.5522
               335.52332                      -8052.3613
               335.77313                      -8489.1172
               336.02295                       -8925.873
                336.2728                      -9362.6816
               336.52261                      -9799.4375
               336.77246                      -9460.1602
               337.02228                      -9100.9043
               337.27213                      -8741.6055
               337.52194                      -8382.3506
               337.77179                      -8023.0513
               338.02161                      -7663.7959
               338.27145                      -7304.4966
               338.52127                       -7075.897
               338.77112                      -6890.3032
               339.02094                      -6704.7324
               339.27078                      -6519.1387
                339.5206                      -6333.5674
               339.77045                      -6147.9736
               340.02026                      -5965.8481
               340.27008                      -5822.7529
               340.51993                      -5679.6406
               340.76974                      -5536.5454
               341.01959                      -5393.4326
               341.26941                      -5250.3379
               341.51926                      -5107.2246
               341.76907                      -4982.2822
               342.01892                      -4883.4536
               342.26874                      -4784.6367
               342.51859                      -4685.8076
                342.7684                      -4586.9907
               343.01825                      -4488.1616
               343.26807                      -4389.3447
               343.51791                      -4230.6821
               343.76773                      -3883.7437
               344.01755                      -3536.8057
                344.2674                       -3189.825
               344.51721                      -2842.8867
               344.76706                      -2495.9063
               345.01688                      -2158.4385
               345.26672                      -1951.6677
               345.51654                      -1744.9224
               345.76639                      -1538.1516
                346.0162                       -1331.406
               346.26605                      -1124.6354
               346.51587                      -917.88983
               346.76572                      -469.91937
               347.01553                      -28.736206
               347.26538                       412.50079
                347.5152                       853.68402
               347.76501                       1294.8672
               348.01486                       1736.1042
               348.26468                       2177.2871
               348.51453                       2576.6592
               348.76434                       2960.1187
               349.01419                       3343.6245
               349.26401                       3727.0837
               349.51385                       4110.5898
               349.76367                       4494.0488
               350.01352                       4879.4712
               350.26334                        5298.333
               350.51318                       5717.2461
                 350.763                       6136.1089
               351.01285                       6555.0215
               351.26266                       6973.8838
               351.51251                       7392.7974
               351.76233                       7903.4658
               352.01215                       8562.0508
               352.26199                       9220.7158
               352.51181                       9879.3008
               352.76166                       10537.966
               353.01147                       11196.551
               353.26132                       11855.215
               353.51114                       12342.029
               353.76099                        11908.49
                354.0108                       11475.005
               354.26065                       11041.466
               354.51047                        10607.98
               354.76031                       10174.441
               355.01013                       9766.2031
               355.25998                       9955.2969
                355.5098                       10144.365
               355.75964                       10333.459
               356.00946                       10522.527
               356.25928                       10711.598
               356.50912                       10900.689
               356.75894                       10070.023
               357.00879                       9175.4746
               357.25861                       8281.0352
               357.50845                       7386.4854
               357.75827                       6492.0449
               358.00812                       5597.4951
               358.25793                       4703.0552
               358.50778                       3979.6768
                358.7576                       3330.3735
               359.00745                       2680.9912
               359.25726                       2031.6884
               359.50711                        1382.306
               359.75693                        733.0033
               360.00674                        83.78933
               360.25659                       -562.2981
               360.50641                      -1208.3066
               360.75626                       -1854.394
               361.00607                      -2500.4023
               361.25592                        -3146.49
               361.50574                      -3792.4985
               361.75558                       -4522.126
                362.0054                      -5402.8159
               362.25525                      -6283.6133
               362.50507                      -7164.3027
               362.75491                      -8045.0996
               363.00473                      -8925.7891
               363.25458                      -9806.5869
               363.50439                      -10565.965
               363.75421                      -10391.919
               364.00406                      -10217.853
               364.25388                      -10043.807
               364.50372                      -9869.7402
               364.75354                      -9695.6943
               365.00339                      -9529.9883
                365.2532                      -9972.5781
               365.50305                      -10415.221
               365.75287                      -10857.811
               366.00272                      -11300.453
               366.25253                      -11743.042
               366.50238                      -12185.686
                366.7522                      -11674.896
               367.00204                      -11056.918
               367.25186                      -10439.016
               367.50171                      -9821.0371
               367.75153                      -9203.1348
               368.00134                      -8585.2314
               368.25119                      -7967.2529
               368.50101                      -7503.7402
               368.75085                      -7115.8291
               369.00067                      -6727.9648
               369.25052                      -6340.0537
               369.50034                      -5952.1904
               369.75018                      -5564.2788
                     370                       -5176.415

