0.0000000000000	175.06542532297
0.0010000000000000	-6.1839189952810e-06
0.0020000000000000	124.13282888832
0.0030000000000000	128.40085297863
0.0040000000000000	-90.204931859700
0.0050000000000000	57.215021723318
0.0056250000000000	-23.921945259065
0.0062500000000000	-9.9487466523586
0.0068750000000000	51.692721262652
0.0075000000000000	14.623088274153
0.0081250000000000	95.133596925829
0.0087500000000000	60.383220875033
0.0093750000000000	37.672776483341
0.010000000000000	1.8508459477952
0.011250000000000	16.800006975370
0.012500000000000	13.644192007275
0.015000000000000	-20.033308339099
0.016875000000000	14.053741626077
0.018750000000000	15.748977381887
0.020000000000000	17.041530649227
0.022500000000000	19.880826234276
0.025000000000000	23.029594835165
0.026250000000000	24.741179232301
0.030000000000000	-32.678379570040
0.032656250000000	35.909771694160
0.035000000000000	41.676197168094
0.035312500000000	42.550905945773
0.037968750000000	51.335690283599
0.040000000000000	60.215341238113
0.040625000000000	63.442782581994
0.045000000000000	94.281772761047
0.045937500000000	102.61979505688
0.048593750000000	126.71587886583
0.050000000000000	138.27202436141
0.051250000000000	147.31102127912
0.055000000000000	167.74476250340
0.056562500000000	173.99073991830
0.059218750000000	-177.36686628211
0.060000000000000	-175.18161829779
0.061875000000000	-170.43281142585
0.065000000000000	-163.69820909467
0.067187500000000	-159.62237914680
0.069843750000000	-155.19213377353
0.070000000000000	-154.94645573674
0.072500000000000	-151.20783208501
0.075000000000000	-147.78515241411
0.077812500000000	-144.24720213635
0.080000000000000	-141.68837450741
0.080468750000000	-141.15931408914
0.083125000000000	-138.27126612971
0.085000000000000	-136.32357711485
0.088437500000000	-132.83860082612
0.090000000000000	-131.22490465085
0.091093750000000	-130.05170365125
0.093750000000000	-126.91202926160
0.095000000000000	-125.21109398367
0.099062500000000	-118.23332607616
0.10000000000000	-116.69843604702
0.10171875000000	85.926293173084
0.10437500000000	-109.92182862357
0.10500000000000	-110.72299914753
0.10968750000000	-103.30321575956
0.11000000000000	-97.969041339648
0.11234375000000	72.104836553794
0.11500000000000	-6.3689279722205e-11
0.12000000000000	103.47967755109
0.12281250000000	85.325021888022
0.12500000000000	81.712742281387
0.12562500000000	80.589874644023
0.12843750000000	76.059923165095
0.13000000000000	77.906899838261
0.13125000000000	-101.08493292548
0.13500000000000	66.573798080545
0.13687500000000	64.054319857351
0.13968750000000	60.740298334098
0.14000000000000	60.411961479676
0.14250000000000	58.017596496839
0.14500000000000	55.955582847837
0.14812500000000	53.693361263959
0.15000000000000	52.443823348189
0.15093750000000	51.838725601447
0.15375000000000	50.071403743470
0.15500000000000	49.298532339581
0.15937500000000	46.591186182392
0.16000000000000	46.199713964628
0.16218750000000	44.812618404888
0.16500000000000	-47.287819179860
0.16843750000000	40.647350236571
0.17000000000000	39.548053257090
0.17187500000000	38.193917034103
0.17500000000000	35.846728561034
0.17531250000000	35.605535387386
0.17875000000000	32.871286515223
0.18000000000000	31.839213990741
0.18218750000000	29.983274805763
0.18500000000000	27.502500852854
0.18562500000000	26.936660582413
0.18906250000000	23.730014504979
0.19000000000000	22.827927032459
0.19250000000000	20.365843802257
0.19500000000000	17.824046826518
0.19593750000000	16.851161085906
0.19937500000000	13.197965637333
0.20000000000000	12.520130285684
0.20281250000000	9.4235020833503
0.20500000000000	6.9684762275634
0.20625000000000	5.5501651968275
0.20968750000000	1.6049728981818
0.21000000000000	1.2437927325113
0.21312500000000	-2.3814337125845
0.21500000000000	-4.5615008109273
0.21656250000000	-6.3761971013481
0.22000000000000	-10.345915844110
0.22343750000000	-14.258381843310
0.22500000000000	-16.009751527092
0.22687500000000	-18.084162954647
0.23000000000000	-21.465448429822
0.23031250000000	-21.797845534914
0.23375000000000	-25.378829386756
0.23500000000000	-26.644924002688
0.23718750000000	-28.811647544001
0.24000000000000	-31.502668140208
0.24062500000000	-32.085863392589
0.24406250000000	-35.195646539569
0.24500000000000	-36.014903713168
0.24750000000000	-38.139143515713
0.25000000000000	-40.176118611439
0.25093750000000	-40.917754325115
0.25437500000000	-43.535401155470
0.25500000000000	-43.994471051388
0.25781250000000	-45.997855301789
0.26000000000000	-47.487248443678
0.26125000000000	-48.312147013702
0.26468750000000	-50.486081885509
0.26500000000000	-50.677034134773
0.26812500000000	-52.527853250842
0.27000000000000	-53.588809905446
0.27156250000000	-54.445753011759
0.27500000000000	161.90753213884
0.28000000000000	-58.678965721227
0.28085937500000	-59.075519396675
0.28378906250000	-60.383363578742
0.28500000000000	-60.904746834280
0.28671875000000	-61.626299770707
0.29000000000000	-62.946241627351
0.29257812500000	-63.933146041786
0.29500000000000	-64.822331426616
0.29550781250000	-65.004297123924
0.29843750000000	-66.025035096261
0.30000000000000	-66.549875221409
0.30429687500000	-67.927240919760
0.30500000000000	-68.143831703771
0.30722656250000	-68.814178816888
0.31000000000000	-69.617424893736
0.31015625000000	-69.661666309172
0.31500000000000	-70.982318932958
0.31601562500000	-71.247226486218
0.31894531250000	-71.989372447314
0.32000000000000	-72.248796812073
0.32187500000000	-72.700239336362
0.32500000000000	-73.425926379184
0.32773437500000	-74.034790149251
0.33000000000000	-74.521710945839
0.33066406250000	-74.661513846360
0.33359375000000	-75.263054924114
0.33500000000000	-75.543226002718
0.33945312500000	-76.395583526057
0.34000000000000	-76.496738034076
0.34238281250000	-76.928860235601
0.34500000000000	-77.387810450020
0.34531250000000	-77.441545297330
0.35000000000000	-78.221393789277
0.35117187500000	-78.408934831005
0.35410156250000	-78.865385952926
0.35500000000000	-79.001905017551
0.35703125000000	-79.304747955871
0.36000000000000	-79.733295801133
0.36289062500000	-80.135127977767
0.36500000000000	-80.419109890995
0.36582031250000	-80.527498643979
0.36875000000000	-80.905491016556
0.37000000000000	-81.062535620915
0.37460937500000	-81.620627995603
0.37500000000000	-81.666447218423
0.37753906250000	-81.958835113039
0.38000000000000	-82.233444288067
0.38046875000000	-82.284793751351
0.38500000000000	-82.765883096422
0.38632812500000	-82.901779601382
0.38925781250000	-83.193653302507
0.39000000000000	-83.265904415698
0.39218750000000	-83.474974049965
0.39500000000000	-83.735457325558
0.39804687500000	-84.007416452940
0.40000000000000	-84.176321681497
0.40097656250000	-84.259220553978
0.40390625000000	-84.501839505099
0.40500000000000	-84.590123876125
0.40976562500000	-84.960706710438
0.41000000000000	-84.978354041146
0.41269531250000	-85.177510372360
0.41500000000000	-85.342377978364
0.41562500000000	-85.386242687593
0.42000000000000	-85.683451476830
0.42148437500000	-85.780462025809
0.42441406250000	-85.966405319131
0.42500000000000	-86.002728250507
0.42734375000000	-86.145189681912
0.43000000000000	-86.301269171498
0.43320312500000	-86.482080228562
0.43500000000000	-86.580051192074
0.43613281250000	-86.640561448657
0.43906250000000	-86.792635128826
0.44000000000000	-86.839972815559
0.44492187500000	-87.078216242968
0.44500000000000	-87.081861007245
0.44785156250000	-87.212031777809
0.45000000000000	-87.306475235032
0.45078125000000	-87.340056904923
0.45500000000000	-87.514512878803
0.45664062500000	-87.579272864022
0.45957031250000	-87.690714664727
0.46000000000000	-87.706612223449
0.46250000000000	160.42418058076
0.46500000000000	-87.883357189136
0.46542968750000	-87.897847325885
0.46835937500000	-87.993751370867
0.47000000000000	-88.045278253997
0.47421875000000	-88.170724864079
0.47500000000000	-88.192856614986
0.47714843750000	-88.251972878427
0.48000000000000	-88.326525076975
0.48007812500000	-88.328505410339
0.48500000000000	-88.446671804173
0.48593750000000	-88.467722470025
0.48886718750000	-88.530543057433
0.49000000000000	-88.553639331134
0.49179687500000	-88.588920430197
0.49500000000000	-88.647727193260
0.49765625000000	-88.692562740916
0.50000000000000	-88.729192793214
0.50058593750000	-88.737923679532
0.50351562500000	-88.779033747562
0.50500000000000	-88.798252320107
0.50937500000000	-88.848641023479
0.51000000000000	-88.855080662951
0.51230468750000	-88.877195418137
0.51500000000000	-88.899812407945
0.51523437500000	-88.901614140811
0.52000000000000	-88.932541801422
0.52109375000000	-88.938107541420
0.52402343750000	-88.950201773010
0.52500000000000	-88.953322844559
0.52695312500000	-88.958199565419
0.53000000000000	-88.962168708242
0.53281250000000	-88.961891019138
0.53500000000000	-88.959052124807
0.53574218750000	-88.957566234943
0.53867187500000	-88.949106590686
0.54000000000000	-88.943903928060
0.54453125000000	-88.919691759134
0.54500000000000	-88.916613646437
0.54746093750000	-88.898677580752
0.55000000000000	-88.877027435507
0.55039062500000	-88.873411491365
0.55500000000000	-88.824947803207
0.55625000000000	-88.809948605441
0.55917968750000	-88.771651668105
0.56000000000000	-88.760133162769
0.56210937500000	-88.728901584772
0.56500000000000	-88.682294562081
0.56796875000000	-88.629780105468
0.57000000000000	-88.591095719533
0.57089843750000	-88.573263540739
0.57382812500000	-88.512003208030
0.57500000000000	-88.486151472509
0.57968750000000	-88.374895186732
0.58000000000000	-88.367025314680
0.58261718750000	-88.298853540973
0.58500000000000	-88.233227232530
0.58554687500000	-88.217680225960
0.59000000000000	-88.084212141393
0.59140625000000	-88.039478738002
0.59433593750000	-87.942203327232
0.59500000000000	-87.919376985934
0.59726562500000	-87.839301388850
0.60000000000000	-87.738058152346
0.60312500000000	-87.616042864972
0.60500000000000	-87.539528448566
0.60605468750000	-87.495379594728
0.60898437500000	-87.368475688968
0.61000000000000	-87.322994199429
0.61484375000000	-87.095242768189
0.61500000000000	-87.087591728404
0.61777343750000	-86.948539690222
0.62000000000000	-86.832382958487
0.62070312500000	-86.794848710598
0.62500000000000	-86.556352866421
0.62656250000000	-86.465652514497
0.62949218750000	-86.289698368762
0.63000000000000	-86.258404452908
0.63242187500000	-86.105857066382
0.63500000000000	-85.937353669299
0.63828125000000	-85.713499111520
0.64000000000000	-85.591924806124
0.64121093750000	-85.504447393417
0.64414062500000	-85.286438214878
0.64500000000000	-85.220746902912
0.64707031250000	-85.059174206325
0.65000000000000	166.23974552965
0.65500000000000	-84.395141328968
0.65554687500000	-84.346597180519
0.65832031250000	-84.094710189014
0.66000000000000	-83.937439511716
0.66109375000000	-83.833075545059
0.66500000000000	-83.447427806102
0.66664062500000	-83.279278856010
0.66941406250000	-82.986443758315
0.67000000000000	-82.923169926625
0.67218750000000	-82.682515059253
0.67496093750000	-82.367125152617
0.67500000000000	-82.362599382562
0.67773437500000	-82.039893173647
0.68000000000000	-81.763514910214
0.68050781250000	-81.700425625531
0.68328125000000	-81.348314876675
0.68500000000000	-81.123576464018
0.68605468750000	-80.983140795028
0.68882812500000	-80.604468506201
0.69000000000000	-80.440301309774
0.69160156250000	-80.211850352392
0.69437500000000	-79.804824528046
0.69500000000000	-79.711062787335
0.69714843750000	-79.382915299829
0.69992187500000	-78.945634368310
0.70000000000000	-78.933089104153
0.70269531250000	-78.492479284142
0.70500000000000	-78.103467966278
0.70546875000000	-78.022935000380
0.70824218750000	-77.536474108004
0.71000000000000	-77.219150422124
0.71101562500000	-77.032557207698
0.71378906250000	-76.510634348452
0.71500000000000	-76.276962884140
0.71656250000000	-75.970145024296
0.71933593750000	-75.410519688532
0.72000000000000	-75.273621703317
0.72210937500000	-74.831181669979
0.72488281250000	-74.231548458851
0.72500000000000	-74.205756166457
0.72765625000000	-73.611033189630
0.73000000000000	-73.069939224070
0.73042968750000	-72.969047398948
0.73320312500000	-72.305003793257
0.73500000000000	-71.862727856869
0.73597656250000	-71.618318171383
0.73875000000000	-70.908413735452
0.74000000000000	-70.580714428284
0.74152343750000	-70.174724364952
0.74429687500000	-69.416699203476
0.74500000000000	-69.220592874350
0.74707031250000	-68.633806399369
0.74984375000000	-67.825539360123
0.75000000000000	-67.779238268328
0.75261718750000	-66.991421391131
0.75500000000000	-66.253803113694
0.75539062500000	-66.131012688649
0.75816406250000	-65.243915901121
0.76000000000000	-64.641830362470
0.76093750000000	-64.329784152990
0.76371093750000	-63.388328302982
0.76500000000000	-62.941383604310
0.76648437500000	-62.419324506411
0.77000000000000	-61.151191638800
0.77203125000000	-60.398156428559
0.77480468750000	-59.345947982107
0.77500000000000	-59.270805746199
0.77757812500000	-58.266120695492
0.78000000000000	-57.300761676355
0.78312500000000	-56.024650575765
0.78500000000000	-55.242743196520
0.78589843750000	-54.863826249414
0.78867187500000	-53.677034562987
0.79000000000000	-53.099727556115
0.79421875000000	-51.228644479906
0.79500000000000	-50.876112920862
0.79699218750000	-49.968950108784
0.79976562500000	-48.687101420465
0.80000000000000	-48.577801751271
0.80500000000000	-46.212230321662
0.80531250000000	-46.062345128713
0.80808593750000	-44.722494038512
0.81000000000000	-43.788335755175
0.81085937500000	-43.366588671688
0.81500000000000	-41.316442575615
0.81640625000000	-40.614127499749
0.81917968750000	-39.221590215885
0.82000000000000	-38.808072991521
0.82195312500000	-37.821005664423
0.82500000000000	-36.275678824842
0.82750000000000	-35.004546083684
0.83000000000000	-33.732336997256
0.83027343750000	-33.593187772886
0.83304687500000	-32.182775707095
0.83500000000000	-31.201384941292
0.83859375000000	-29.373789452421
0.84000000000000	-29.164558415051
0.84136718750000	-29.499318877953
0.84414062500000	-28.107240902320
0.84500000000000	-27.677935142422
0.84968750000000	-25.364615832250
0.85000000000000	-25.212016063884
0.85246093750000	-24.018299733765
0.85500000000000	-22.802594946060
0.85523437500000	-22.691238126149
0.86000000000000	-20.460890336729
0.86078125000000	-20.101724331377
0.86355468750000	-18.842285460642
0.86500000000000	-18.195902894579
0.86632812500000	-17.608120401761
0.87000000000000	-16.014861645606
0.87187500000000	-15.219783154009
0.87464843750000	-14.067285351012
0.87500000000000	-13.923228093177
0.87742187500000	-12.943421145886
0.88000000000000	-11.924780069624
0.88296875000000	-10.783262346360
0.88500000000000	-10.021745137594
0.88574218750000	-9.7474643053191
0.88851562500000	-8.7413116768892
0.89000000000000	-8.2149749413270
0.89128906250000	-7.7647586117280
0.89406250000000	-6.8176602377317
0.89500000000000	-6.5041365863025
0.89683593750000	-5.8997830425256
0.89960937500000	-5.0108156597908
0.90000000000000	-4.8879106538308
0.90238281250000	-4.1503782311195
0.90500000000000	-3.3641856439027
0.90515625000000	-3.3180313447746
0.90792968750000	-2.5132857493499
0.91000000000000	-1.9302366134941
0.91070312500000	-1.7356102978750
0.91347656250000	-0.98443954867290
0.91500000000000	-0.58288966825986
0.91625000000000	-0.25918177099422
0.91902343750000	0.44077580578262
0.92000000000000	0.68133355833215
0.92179687500000	1.1160593698242
0.92457031250000	1.7673046161777
0.92500000000000	1.8660921960646
0.92734375000000	2.3951504778860
0.93000000000000	2.9751206441226
0.93011718750000	3.0002354592826
0.93289062500000	3.5831929320604
0.93500000000000	4.0121401760588
0.93566406250000	4.1446482315871
0.93843750000000	4.6852145818968
0.94000000000000	4.9807859119006
0.94121093750000	5.2054911911910
0.94398437500000	5.7060599455904
0.94500000000000	5.8845486035451
0.94675781250000	6.1874836309583
0.94953125000000	6.6503039274680
0.95000000000000	6.7267265014105
0.95230468750000	7.0950385778976
0.95500000000000	7.5103869849271
0.95507812500000	7.5221827033992
0.95785156250000	7.9322041280426
0.96000000000000	8.2383386831012
0.96062500000000	8.3255446389985
0.96339843750000	8.7026181480862
0.96500000000000	8.9131076723476
0.96617187500000	9.0638099057370
0.96894531250000	9.4094767414831
0.97000000000000	9.5369221200443
0.97171875000000	9.7399458782153
0.97449218750000	10.055514920284
0.97500000000000	10.111702843246
0.97726562500000	10.356451640114
0.98000000000000	10.639057360331
0.98003906250000	10.642994224769
0.98281250000000	10.915351392805
0.98500000000000	11.120279893815
0.98558593750000	11.173702088537
0.98835937500000	11.418197739400
0.99000000000000	11.556357688106
0.99113281250000	11.648960645816
0.99390625000000	11.866085673419
0.99500000000000	11.947978831056
0.99667968750000	12.069641929729
0.99945312500000	12.259672560577
1.0000000000000	12.295548969645
1.0022265625000	12.436196150846
1.0050000000000	-135.89744470827
1.0089062500000	12.805836488887
1.0100000000000	12.858862760824
1.0128125000000	12.985471542523
1.0150000000000	13.074202477413
1.0167187500000	13.137908646642
1.0200000000000	13.244747112260
1.0206250000000	13.262885913021
1.0245312500000	13.360094261684
1.0250000000000	13.369877309751
1.0284375000000	13.429193072795
1.0300000000000	13.448881339301
1.0323437500000	13.469821154908
1.0350000000000	13.480998654636
1.0362500000000	13.481612283854
1.0400000000000	13.465470498098
1.0401562500000	13.464209580391
1.0440625000000	13.417279996241
1.0450000000000	13.401589523977
1.0479687500000	13.340529078862
1.0500000000000	13.288750975544
1.0518750000000	13.233716865779
1.0550000000000	13.126504903810
1.0557812500000	13.096671579942
1.0596875000000	12.929303324171
1.0600000000000	12.914603408277
1.0635937500000	12.731617395575
1.0650000000000	12.653046922112
1.0675000000000	12.503726543447
1.0700000000000	12.342125945558
1.0714062500000	12.245860679991
1.0750000000000	11.982453547861
1.0753125000000	11.958375376076
1.0792187500000	11.641759264436
1.0800000000000	11.574993011170
1.0831250000000	11.296638532323
1.0850000000000	11.121074970921
1.0870312500000	10.923778084454
1.0900000000000	10.622403246510
1.0909375000000	10.524082385102
1.0948437500000	10.098592874761
1.0950000000000	10.081052920956
1.0987500000000	9.6484810437974
1.1000000000000	9.4994532772873
1.1026562500000	9.1750417773133
1.1050000000000	8.8803622960858
1.1065625000000	8.6796825773553
1.1100000000000	8.2268304325048
1.1104687500000	8.1639122895021
1.1143750000000	7.6293248308987
1.1150000000000	7.5421550255635
1.1182812500000	7.0775852844983
1.1200000000000	6.8298273121060
1.1221875000000	6.5104118492150
1.1250000000000	6.0934743560565
1.1260937500000	5.9295588821043
1.1300000000000	-179.56806833667
1.1343750000000	4.6609543512978
1.1350000000000	4.5635114168417
1.1387500000000	3.9748564194480
1.1400000000000	3.7772831516331
1.1431250000000	3.2809076216065
1.1450000000000	2.9816764708043
1.1475000000000	2.5814292808865
1.1500000000000	2.1801018977201
1.1518750000000	1.8786357197347
1.1550000000000	1.3757725496524
1.1562500000000	1.1746146078334
1.1600000000000	0.57166927149782
1.1606250000000	0.47131079612681
1.1650000000000	-0.22948573529320
1.1693750000000	-0.92614843903402
1.1700000000000	-1.0252470977452
1.1737500000000	-1.6172192764931
1.1750000000000	-1.8134564139439
1.1781250000000	-2.3014094290983
1.1800000000000	-2.5922437304450
1.1825000000000	-2.9775977203691
1.1850000000000	-3.3600233565663
1.1868750000000	-3.6448267328076
1.1900000000000	-4.1154840775122
1.1912500000000	-4.3022955812095
1.1950000000000	-4.8575732722969
1.1956250000000	-4.9493514161594
1.2000000000000	-5.5854805741196
1.2043750000000	-6.2102960935089
1.2050000000000	-6.2986148052735
1.2087500000000	-6.8235280444385
1.2100000000000	-6.9965839758515
1.2131250000000	-7.4250108073843
1.2150000000000	-7.6791712568339
1.2175000000000	-8.0146710243451
1.2200000000000	-8.3463116639208
1.2218750000000	-8.5925167132452
1.2250000000000	-8.9980709030879
1.2262500000000	-9.1586256434488
1.2300000000000	-9.6346225694437
1.2306250000000	-9.7131344643309
1.2350000000000	-10.256229325568
1.2393750000000	-10.788134189643
1.2400000000000	-10.863221773998
1.2437500000000	-11.309105249555
1.2450000000000	-11.455984319410
1.2481250000000	-11.819420410915
1.2500000000000	-12.034937193950
1.2525000000000	-12.319372838205
1.2550000000000	-12.600523040474
1.2568750000000	-12.809264374411
1.2600000000000	-13.153195934675
1.2612500000000	-13.289399603359
1.2650000000000	-13.693408135829
1.2656250000000	-13.760080776096
1.2700000000000	130.61184714231
1.2730468750000	-14.537761868495
1.2750000000000	-14.738206943025
1.2760937500000	-14.849708861868
1.2791406250000	-15.157532301265
1.2800000000000	-15.243620465731
1.2821875000000	-15.461316513212
1.2850000000000	-15.738216500051
1.2882812500000	-16.057079776744
1.2900000000000	-16.222332110347
1.2913281250000	-16.349203124067
1.2943750000000	-16.637574497238
1.2950000000000	-16.696269365191
1.2974218750000	-16.922253120015
1.3000000000000	-17.160290013057
1.3004687500000	-17.203291838163
1.3035156250000	-17.480737949227
1.3050000000000	-17.614615360871
1.3065625000000	-17.754633205276
1.3096093750000	-18.025013532290
1.3100000000000	-18.059425095814
1.3126562500000	-18.291909313813
1.3150000000000	-18.494858443058
1.3157031250000	-18.555345419538
1.3187500000000	-18.815340668710
1.3200000000000	-18.921013723089
1.3217968750000	-19.071909889483
1.3248437500000	-19.325061505329
1.3250000000000	-19.337951625431
1.3278906250000	-19.574799467802
1.3300000000000	-19.745695247223
1.3309375000000	-19.821123359163
1.3339843750000	-20.064028095388
1.3350000000000	-20.144235044048
1.3370312500000	-20.303504294496
1.3400000000000	-20.533530390483
1.3400781250000	-20.539539456543
1.3431250000000	-20.772116967683
1.3450000000000	-20.913514797309
1.3461718750000	-21.001217630958
1.3492187500000	-21.226819655040
1.3500000000000	-21.284099827874
1.3522656250000	-21.448898659178
1.3550000000000	-21.645179741818
1.3553125000000	-21.667429013612
1.3583593750000	-21.882383545246
1.3600000000000	-21.996637534324
1.3614062500000	-22.093734590499
1.3644531250000	-22.301453895941
1.3650000000000	-22.338350316047
1.3675000000000	-22.505514386698
1.3700000000000	-22.670196405619
1.3705468750000	-22.705888436564
1.3735937500000	-22.902551980766
1.3750000000000	-22.992061522962
1.3766406250000	-23.095481094256
1.3796875000000	-23.284655983300
1.3800000000000	-23.303845565772
1.3827343750000	-23.470059788956
1.3850000000000	-23.605471665599
1.3857812500000	-23.651679543802
1.3888281250000	-23.829507624048
1.3900000000000	-23.896892669088
1.3918750000000	-24.003541283280
1.3949218750000	-24.173784651295
1.3950000000000	-24.178100083065
1.3979687500000	-24.340247488316
1.4000000000000	-24.449131454937
1.4010156250000	-24.502948672164
1.4040625000000	-24.661914900244
1.4050000000000	-24.710081387409
1.4071093750000	-24.817181397564
1.4100000000000	-24.961106752425
1.4101562500000	-24.968793690617
1.4132031250000	-25.116807992537
1.4150000000000	-25.202438392343
1.4162500000000	-25.261291105042
1.4192968750000	-25.402322691223
1.4200000000000	-25.434387662753
1.4223437500000	-25.539994320811
1.4250000000000	-25.657356545783
1.4253906250000	-25.674411693701
1.4284375000000	-25.805694057207
1.4300000000000	-25.871845259238
1.4314843750000	-25.933975563709
1.4345312500000	-26.059405938567
1.4350000000000	-26.078460240779
1.4375781250000	-26.182150387687
1.4400000000000	-26.277921267592
1.4406250000000	-26.302391507421
1.4436718750000	-26.420328506924
1.4450000000000	-26.471070496793
1.4467187500000	-26.536178849307
1.4497656250000	-26.650177952707
1.4500000000000	-26.658877602340
1.4528125000000	-26.762579791371
1.4550000000000	-26.842445700889
1.4558593750000	-26.873658143676
1.4589062500000	-26.983706105010
1.4600000000000	-27.023018375576
1.4619531250000	-27.093036359638
1.4650000000000	6.6051128612316
1.4696875000000	-27.369665989413
1.4700000000000	-27.380875894138
1.4743750000000	-27.538672341788
1.4750000000000	-27.561386056175
1.4790625000000	-27.710508983524
1.4800000000000	-27.745357134385
1.4837500000000	-27.886804799707
1.4850000000000	-27.934790773445
1.4884375000000	-28.069312186358
1.4900000000000	-28.131848992571
1.4931250000000	-28.259907123036
1.4950000000000	-28.338853747328
1.4978125000000	-28.460591591973
1.5000000000000	-28.558291206038
1.5025000000000	-28.673493485702
1.5050000000000	-28.792810238318
1.5071875000000	-28.900867884039
1.5100000000000	-29.045225540181
1.5118750000000	-29.145098395465
1.5150000000000	-29.318518762362
1.5165625000000	-29.408697823802
1.5200000000000	-29.615839868346
1.5212500000000	-29.694309811354
1.5250000000000	-29.940509484050
1.5259375000000	-30.004710627868
1.5300000000000	-30.296023169040
1.5306250000000	-30.342812019148
1.5350000000000	-30.686053221172
1.5353125000000	-30.711663163255
1.5400000000000	-44.685765984533
1.5445312500000	-31.539217410656
1.5450000000000	-31.585271136649
1.5490625000000	-32.001958920941
1.5500000000000	-32.102739219776
1.5535937500000	-32.505961522610
1.5550000000000	-32.671297603675
1.5581250000000	-33.054646842364
1.5600000000000	-33.295593484331
1.5626562500000	-33.651581612593
1.5650000000000	-33.980490932378
1.5671875000000	-34.300481680339
1.5700000000000	-34.731078499006
1.5717187500000	-35.005217503736
1.5750000000000	-35.552675850799
1.5762500000000	-35.769816273408
1.5800000000000	-36.450838737814
1.5807812500000	-36.598465990533
1.5850000000000	-37.431362404822
1.5853125000000	-37.495516238591
1.5898437500000	-38.465476776513
1.5900000000000	-38.500280097614
1.5943750000000	-39.513013271762
1.5950000000000	-39.663856634196
1.5989062500000	-40.642940257548
1.6000000000000	-40.928576582241
1.6034375000000	-41.860207171948
1.6050000000000	-42.301121298208
1.6079687500000	-43.169882748219
1.6100000000000	-43.788340367581
1.6125000000000	-44.577128367388
1.6150000000000	-45.397206808875
1.6170312500000	-46.087169526970
1.6200000000000	-47.134764077790
1.6215625000000	-47.705257686339
1.6250000000000	-49.008059700928
1.6260937500000	-49.436627143933
1.6300000000000	-51.024068442760
1.6306250000000	-51.286446080117
1.6350000000000	-53.189613925891
1.6351562500000	-53.259769431050
1.6396875000000	-55.361493245444
1.6400000000000	-55.511293457750
1.6442187500000	-57.596322503745
1.6450000000000	-57.995423628529
1.6487500000000	-59.968764495313
1.6500000000000	-60.648030894438
1.6532812500000	-62.483160936245
1.6550000000000	-63.474918077304
1.6578125000000	-65.143785324817
1.6600000000000	-66.481851742294
1.6623437500000	-67.955036872863
1.6650000000000	-69.674951007462
1.6668750000000	-70.921758903681
1.6700000000000	-73.061325891444
1.6714062500000	-74.049747235481
1.6750000000000	-76.650115866646
1.6759375000000	-77.346501941818
1.6800000000000	-80.454064628364
1.6804687500000	-80.822321251310
1.6850000000000	-73.767938197206
1.6900000000000	-88.791562268620
1.6950000000000	-93.395713341992
1.7000000000000	-98.368931094086
1.7050000000000	-103.80958260941
1.7100000000000	-109.86800032620
1.7150000000000	-116.77521718308
1.7200000000000	-124.88714974064
1.7250000000000	-134.74418306011
1.7300000000000	-147.11201128824
1.7350000000000	-162.83941586891
1.7400000000000	177.86669629456
1.7450000000000	156.68418452962
1.7500000000000	136.79423840924
1.7550000000000	120.24286656020
1.7600000000000	107.04751153822
1.7650000000000	96.367360676411
1.7700000000000	87.365042694214
1.7750000000000	79.416858423484
1.7800000000000	72.087810142959
1.7850000000000	65.075332434603
1.7900000000000	58.171432261754
1.7950000000000	51.250389241452
1.8000000000000	44.283618509504
1.8050000000000	37.382333035237
1.8100000000000	30.856044229676
1.8150000000000	25.237463932047
1.8200000000000	21.172890204340
1.8250000000000	19.093822841101
1.8300000000000	18.802585828741
1.8350000000000	19.415583977725
1.8400000000000	19.891362566336
1.8450000000000	-22.013663396669
1.8490625000000	18.728401607840
1.8500000000000	18.451554215330
1.8531250000000	17.361846294846
1.8550000000000	16.605390573917
1.8571875000000	15.649786460567
1.8600000000000	14.341775577252
1.8612500000000	13.743379205156
1.8650000000000	11.936963102185
1.8653125000000	11.787996493419
1.8693750000000	9.9226131525733
1.8700000000000	9.6523711397623
1.8734375000000	8.2854432144049
1.8750000000000	7.7468952253050
1.8775000000000	7.0219278118060
1.8800000000000	6.4987446020329
1.8815625000000	6.2921604081647
1.8850000000000	6.2210766056750
1.8856250000000	6.2709666400534
1.8896875000000	7.1176342260259
1.8900000000000	7.2211145763874
1.8937500000000	8.8415159243768
1.8950000000000	9.4894544210849
1.8978125000000	10.860165750628
1.9000000000000	11.383238345576
1.9018750000000	10.867812940206
1.9050000000000	5.9805515692132
1.9059375000000	2.9540782818821
1.9100000000000	-27.306267272908
1.9150000000000	-67.084337677481
1.9178125000000	77.582094167725
1.9200000000000	106.14428327881
1.9206250000000	113.10442292352
1.9234375000000	135.44966641095
1.9250000000000	142.21470962596
1.9262500000000	145.32477944831
1.9300000000000	146.22773206121
1.9318750000000	144.12685416568
1.9346875000000	140.43552684614
1.9350000000000	140.05397838388
1.9375000000000	137.45485803531
1.9400000000000	135.74648550261
1.9431250000000	134.76419541409
1.9450000000000	134.69892581382
1.9459375000000	134.79619150656
1.9487500000000	135.56179726643
1.9500000000000	136.11731551600
1.9515625000000	136.99097993157
1.9543750000000	139.06298092009
1.9550000000000	139.61193170026
1.9571875000000	141.79652005299
1.9600000000000	125.20489711842
1.9643750000000	152.19733466718
1.9650000000000	153.36453834480
1.9687500000000	161.33906076388
1.9700000000000	164.36391981340
1.9731250000000	172.62330411391
1.9750000000000	177.92596133447
1.9775000000000	-174.87904903441
1.9800000000000	-167.90801394858
1.9818750000000	-163.06291500898
1.9850000000000	-156.08864385634
1.9862500000000	-153.74742361670
1.9900000000000	-148.32354696369
1.9906250000000	-147.64423031185
1.9950000000000	134.59546325796
2.0000000000000	-143.46601430726
2.0050000000000	143.90160938365
2.0078906250000	-145.14929413353
2.0100000000000	-145.91971647005
2.0107812500000	-146.21957552493
2.0136718750000	-147.36262805811
2.0150000000000	-147.89283141471
2.0165625000000	-148.51116944121
2.0200000000000	-149.82314264032
2.0223437500000	-150.66225917430
2.0250000000000	-151.54765531946
2.0252343750000	-151.62224823570
2.0281250000000	-152.49418466570
2.0300000000000	-153.01243685955
2.0310156250000	-153.27791052233
2.0339062500000	-153.97693082258
2.0350000000000	-154.22045013709
2.0367968750000	-154.59683503475
2.0396875000000	-155.14422206392
2.0400000000000	-155.19934658231
2.0425781250000	-155.62600807710
2.0450000000000	-155.98411707935
2.0454687500000	-156.04898597455
2.0483593750000	-156.41957775170
2.0500000000000	-156.60888706101
2.0512500000000	-156.74370577553
2.0541406250000	-157.02674034173
2.0550000000000	-157.10368670088
2.0570312500000	-157.27349947062
2.0599218750000	-157.48827462245
2.0600000000000	-157.49367220336
2.0628125000000	-157.67487307910
2.0650000000000	-157.79942615835
2.0657031250000	-157.83666444367
2.0685937500000	-157.97663199865
2.0700000000000	-158.03763725409
2.0714843750000	-158.09741870317
2.0743750000000	-158.20137163622
2.0750000000000	-158.22184187887
2.0772656250000	-158.29058049386
2.0800000000000	-158.36308830534
2.0801562500000	-158.36691380553
2.0830468750000	-158.43204699943
2.0850000000000	-158.47048356143
2.0859375000000	-158.48748918285
2.0888281250000	-158.53460455906
2.0900000000000	-158.55161995692
2.0917187500000	-158.57463102463
2.0946093750000	-158.60869475696
2.0950000000000	-158.61289785628
2.0975000000000	-158.63782397914
2.1000000000000	-158.65976330128
2.1003906250000	-158.66295840505
2.1032812500000	-158.68495829883
2.1050000000000	-158.69687936808
2.1061718750000	-158.70461201477
2.1090625000000	-158.72264189016
2.1100000000000	-158.72825218687
2.1119531250000	-158.73970821390
2.1148437500000	-158.75641432480
2.1150000000000	-158.75731805968
2.1177343750000	-158.77330996363
2.1200000000000	-158.78701034299
2.1206250000000	-158.79089397444
2.1235156250000	-158.80961625305
2.1250000000000	-158.81980628575
2.1264062500000	-158.82988155785
2.1292968750000	-158.85204942774
2.1300000000000	-158.85776629430
2.1321875000000	-158.87643827815
2.1350000000000	-158.90256340659
2.1350781250000	-158.90332506720
2.1379687500000	-158.93294822107
2.1400000000000	-158.95551137349
2.1408593750000	-158.96550881035
2.1437500000000	-159.00117144692
2.1450000000000	-159.01758776589
2.1466406250000	-159.04006647666
2.1495312500000	-159.08229071926
2.1500000000000	-159.08945645472
2.1524218750000	-159.12790900386
2.1550000000000	-159.17148742148
2.1553125000000	-159.17695535929
2.1582031250000	-159.22943364659
2.1600000000000	-159.26377541458
2.1610937500000	-159.28531919713
2.1639843750000	-159.34455899697
2.1650000000000	-159.36615519215
2.1668750000000	-159.40707292734
2.1697656250000	-159.47275394696
2.1700000000000	-159.47821438253
2.1726562500000	-159.54146884872
2.1750000000000	-159.59930177293
2.1755468750000	-159.61305790091
2.1784375000000	-159.68733479056
2.1800000000000	-159.72852978227
2.1813281250000	-159.76408702060
2.1842187500000	-159.84307394406
2.1850000000000	-159.86477116284
2.1871093750000	-159.92402685678
2.1900000000000	-74.804744784979
2.1950000000000	-160.15250412740
2.1956250000000	-160.17092213740
2.1984375000000	-160.25408448956
2.2000000000000	-160.30037980257
2.2012500000000	-160.33740059354
2.2050000000000	-160.44794941338
2.2068750000000	-160.50266168486
2.2096875000000	-160.58357080842
2.2100000000000	-160.59245314084
2.2125000000000	-160.66254942815
2.2150000000000	-160.73059394323
2.2153125000000	-160.73892995509
2.2181250000000	-160.81196872025
2.2200000000000	-160.85839830801
2.2209375000000	-160.88083468062
2.2237500000000	-160.94459534514
2.2250000000000	-160.97102436619
2.2265625000000	-161.00219990428
2.2293750000000	-161.05245953172
2.2300000000000	-161.06249840064
2.2321875000000	-161.09402223715
2.2350000000000	-10.087185237784
2.2381250000000	-161.14596747380
2.2400000000000	-161.15005901105
2.2412500000000	-161.14891548763
2.2443750000000	-161.13083585274
2.2450000000000	-161.12435815249
2.2475000000000	-161.08773474716
2.2500000000000	-161.03204545189
2.2537500000000	-160.90624903978
2.2550000000000	-160.85129848050
2.2568750000000	-160.75491120335
2.2600000000000	-4.8929101946296
2.2631250000000	-160.28631302975
2.2650000000000	-160.09111698627
2.2662500000000	-159.94386278411
2.2700000000000	-159.40551487910
2.2725000000000	-158.94996135177
2.2750000000000	-158.39795569967
2.2756250000000	-158.24247322371
2.2787500000000	-157.33994946992
2.2800000000000	-156.91127405128
2.2818750000000	-156.18057803295
2.2850000000000	-154.67494602810
2.2881250000000	-152.68940838635
2.2900000000000	-151.18593724201
2.2912500000000	-150.01673337665
2.2943750000000	-146.32264176027
2.2950000000000	-145.41760207298
2.2975000000000	-141.04747231091
2.3000000000000	-135.06669843384
2.3006250000000	-133.23715093497
2.3037500000000	-121.35722377729
2.3050000000000	-115.04673810138
2.3068750000000	-103.70040236699
2.3100000000000	-11.252138679065
2.3150000000000	-49.216118224884
2.3175000000000	-38.809271249825
2.3200000000000	-31.388774075448
2.3250000000000	-22.105385302089
2.3275000000000	-19.138929585170
2.3300000000000	-16.344851162191
2.3325000000000	-15.072369044917
2.3350000000000	-13.656617754949
2.3375000000000	-12.522107773323
2.3400000000000	-22.638388298425
2.3450000000000	-68.671502221676
2.3475000000000	-9.7767170483849
2.3500000000000	-80.364028987046
2.3525000000000	-9.0790789286345
2.3550000000000	166.34533201552
2.3575000000000	-8.6663976457552
2.3600000000000	164.25273123291
2.3650000000000	-8.4508588512314
2.3675000000000	-8.4689566716315
2.3700000000000	-8.5276705556443
2.3750000000000	-8.7615840451765
2.3775000000000	-8.9354772610464
2.3800000000000	160.27730202484
2.3825000000000	-9.3971296493308
2.3850000000000	-9.6858741469458
2.3900000000000	-10.383148759917
2.3925000000000	-10.793400677576
2.3950000000000	-11.245602241977
2.3975000000000	-11.739869986927
2.4000000000000	159.70958850050
2.4050000000000	-13.461444311617
2.4075000000000	-14.101774605282
2.4100000000000	-14.568816440100
2.4150000000000	-15.890445945821
2.4175000000000	-16.508174390387
2.4200000000000	174.75963882272
2.4225000000000	-17.500716210079
2.4250000000000	-17.797320572508
2.4300000000000	-17.791263905102
2.4325000000000	-17.428728965807
2.4350000000000	-16.811990984361
2.4375000000000	-15.955851224653
2.4400000000000	-20.675754586499
2.4425000000000	-13.685565793650
2.4450000000000	-12.385077522011
2.4500000000000	-12.707743600399
2.4525000000000	-8.5127277155868
2.4550000000000	-10.680754547425
2.4600000000000	-0.75732032177849
2.4625000000000	-4.6051363263010
2.4650000000000	-9.8560367436348
2.4675000000000	-3.3015878060854
2.4700000000000	-8.1652497214647
2.4725000000000	-2.3504228270966
2.4750000000000	-3.6065753796949
2.4775000000000	-1.6839061983596
2.4800000000000	-0.29670048131939
2.4812500000000	0.41433803616313
2.4825000000000	0.30299029360248
2.4837500000000	0.16805060168592
2.4843750000000	0.090739405847904
2.4850000000000	0.047503479242257
2.4862500000000	-0.17497923048075
2.4868750000000	-0.26827995515313
2.4875000000000	0.24692342492141
2.4881250000000	0.19490217749050
2.4887500000000	0.13257694524699
2.4893750000000	-0.043465251358128
2.4900000000000	-0.22350254157574
2.4906250000000	-0.052558072355924
2.4912500000000	-0.011575074919222
2.4918750000000	-0.0028322815782393
2.4925000000000	0.0077539988820496
2.4931250000000	0.015875812410448
2.4937500000000	0.016913481465693
2.4943750000000	0.010713710331300
2.4950000000000	0.034222858762616
2.4956250000000	-0.019252657573810
2.4962500000000	-0.0086178735939286
2.4968750000000	0.017883548051050
2.4975000000000	46.148106140843
2.4981250000000	-24.007506168512
2.4987500000000	-60.496919472937
2.4993750000000	-87.490463447546
2.5000000000000	-109.33544189956
2.5005000000000	-124.41196249989
2.5010625000000	-139.55283116341
2.5016250000000	-153.23613547319
2.5021875000000	-165.79097252398
2.5027500000000	-177.44594801400
2.5033125000000	171.63599987930
2.5038750000000	161.32855655577
2.5044375000000	151.53997050138
2.5050000000000	142.19438158102
2.5056250000000	132.27076186612
2.5062500000000	122.76121296831
2.5068750000000	113.61905985088
2.5075000000000	104.80488546514
2.5081250000000	96.269684934878
2.5087500000000	87.986761809543
2.5093750000000	79.973126463935
2.5100000000000	72.174495481870
2.5106250000000	64.576050247109
2.5112500000000	57.164589624572
2.5125000000000	42.851525332493
2.5137500000000	29.146813732964
2.5143750000000	22.499708764439
2.5150000000000	15.980023448612
2.5156250000000	9.5799196412242
2.5162500000000	3.2930805384470
2.5168750000000	-2.8862386371816
2.5175000000000	-8.9633882469524
2.5181250000000	-14.943303654494
2.5187500000000	-20.830541192803
2.5200000000000	-32.341073865722
2.5206250000000	-37.976293276930
2.5212500000000	-43.531994518987
2.5225000000000	-54.423320784778
2.5231250000000	-59.764753799083
2.5237500000000	-65.051399157691
2.5243750000000	-70.264761195861
2.5250000000000	-75.413489397498
2.5262500000000	-85.547200438482
2.5275000000000	-95.455206828593
2.5287500000000	-105.15616273152
2.5300000000000	-114.64337788848
2.5325000000000	-133.12385254689
2.5350000000000	-150.96429455954
2.5362500000000	-159.63100615308
2.5375000000000	-168.23123690217
2.5381250000000	-172.42375835157
2.5387500000000	-176.62317936863
2.5393750000000	179.21145517186
2.5400000000000	175.07838690360
2.5406250000000	170.97533223396
2.5412500000000	166.90230081696
2.5425000000000	158.84220548682
2.5437500000000	150.89226145564
2.5450000000000	143.04929006960
2.5475000000000	127.65762963811
2.5487500000000	120.10463948698
2.5500000000000	112.63641703769
2.5525000000000	97.974594203804
2.5537500000000	90.764557552064
2.5550000000000	83.631115597616
2.5575000000000	69.600668801674
2.5600000000000	55.855831007284
2.5625000000000	42.372213213233
2.5650000000000	29.139247198154
2.5675000000000	16.140628998599
2.5687500000000	9.7256384697714
2.5700000000000	3.3629050150341
2.5712500000000	-2.9432716774223
2.5725000000000	-9.1999824406904
2.5750000000000	-21.546404548639
2.5775000000000	-33.737686168019
2.5800000000000	-45.731919106940
2.5825000000000	-57.547027114489
2.5850000000000	-69.200581987615
2.5875000000000	-80.690821313994
2.5900000000000	-92.039720359237
2.5925000000000	-103.25095739468
2.5937500000000	-108.78721696395
2.5943750000000	-111.54262596199
2.5950000000000	-114.30240079996
2.5956250000000	-117.02752829452
2.5962500000000	-119.75764739007
2.5975000000000	-125.19348511614
2.6000000000000	-136.00667528496
2.6050000000000	-157.22257980800
2.6075000000000	-167.65386820354
2.6087500000000	-172.82882950804
2.6100000000000	-177.98898017891
2.6125000000000	171.80844212979
2.6137500000000	166.73996597449
2.6143750000000	164.21529987878
2.6150000000000	161.69655297341
2.6156250000000	159.18491873387
2.6162500000000	156.67915596100
2.6175000000000	151.68631580822
2.6200000000000	141.77464078600
2.6225000000000	131.95507775208
2.6250000000000	122.22509897303
2.6275000000000	112.58878973885
2.6300000000000	103.03594515841
2.6325000000000	93.567271712552
2.6350000000000	84.180369801359
2.6375000000000	74.871829975977
2.6400000000000	65.639793676622
2.6425000000000	56.482633544603
2.6437500000000	51.931465386013
2.6443750000000	49.662633259609
2.6450000000000	47.395836199365
2.6456250000000	45.138260205281
2.6462500000000	42.882676819440
2.6475000000000	38.384602608758
2.6487500000000	33.903761468456
2.6493750000000	31.669718160264
2.6500000000000	29.432516848306
2.6506250000000	27.214308753656
2.6512500000000	24.992873164970
2.6525000000000	20.562435552870
2.6550000000000	11.741553877165
2.6575000000000	3.0023294115805
2.6600000000000	-5.6922863961600
2.6625000000000	-14.306879619894
2.6650000000000	-22.873292301085
2.6700000000000	-39.833882030251
2.6725000000000	-48.225905523412
2.6750000000000	-56.564963462598
2.6800000000000	-73.087308049747
2.6825000000000	-81.274889520781
2.6850000000000	-89.408936692873
2.6875000000000	-97.497017373664
2.6900000000000	-105.53891987491
2.6925000000000	-113.52825044391
2.6950000000000	-121.48180157999
2.6975000000000	-129.37596579966
2.7000000000000	-137.24273459409
2.7025000000000	-145.04715707140
2.7050000000000	-152.82865025668
2.7075000000000	-160.54848222109
2.7100000000000	-168.24656423119
2.7125000000000	-175.88920485545
2.7150000000000	176.49684386366
2.7175000000000	168.92367211205
2.7200000000000	161.39499746202
2.7250000000000	146.42519827791
2.7275000000000	138.99855928880
2.7300000000000	131.63132511464
2.7325000000000	124.25617201142
2.7350000000000	116.95890951789
2.7400000000000	102.42008717345
2.7425000000000	95.177272029954
2.7450000000000	87.988962220283
2.7475000000000	80.832208056599
2.7500000000000	73.726540511979
2.7550000000000	59.563682865035
2.7575000000000	52.514570885604
2.7587500000000	49.007446112152
2.7593750000000	47.256587310150
2.7600000000000	45.514622095014
2.7606250000000	43.760354649662
2.7612500000000	42.014947335261
2.7625000000000	38.544810785680
2.7650000000000	31.589091077135
2.7675000000000	24.657879812331
2.7700000000000	17.771353350209
2.7725000000000	10.896126192164
2.7750000000000	4.0621192551163
2.7775000000000	-2.7579654433469
2.7800000000000	-9.5420232968440
2.7850000000000	-23.044313845369
2.7875000000000	-29.747265098626
2.7900000000000	-36.446919725859
2.7925000000000	-43.104670188160
2.7950000000000	-49.750990815055
2.7975000000000	-56.364813472581
2.8000000000000	-62.957242694348
2.8025000000000	-69.530694461066
2.8050000000000	-76.075338346039
2.8075000000000	-82.606427332954
2.8100000000000	-89.105903016218
2.8125000000000	-95.590880810921
2.8150000000000	-102.04267351827
2.8175000000000	-108.48760542726
2.8200000000000	-114.89741548367
2.8250000000000	-127.66987810031
2.8275000000000	-134.03427638921
2.8300000000000	-140.36161834915
2.8350000000000	-152.97437635464
2.8375000000000	-159.25748985781
2.8400000000000	-165.51004756493
2.8425000000000	-171.75910700622
2.8450000000000	-177.97095438753
2.8475000000000	175.81879463810
2.8500000000000	169.64058806498
2.8550000000000	157.32426960746
2.8575000000000	151.19422040010
2.8600000000000	145.07877994308
2.8650000000000	132.90285546025
2.8675000000000	126.84229598825
2.8700000000000	120.79740261507
2.8725000000000	114.76667906863
2.8750000000000	108.75267672035
2.8775000000000	102.75608371692
2.8800000000000	96.774690928114
2.8850000000000	84.859543588258
2.8875000000000	78.924780675420
2.8900000000000	73.005974308152
2.8950000000000	61.212769444931
2.8975000000000	55.338090629735
2.9000000000000	49.478696214537
2.9025000000000	43.633385314432
2.9050000000000	37.802654426590
2.9100000000000	26.183189484525
2.9125000000000	20.395299633896
2.9150000000000	14.615745721577
2.9175000000000	8.8603883378006
2.9200000000000	3.1127440714863
2.9225000000000	-2.6212797837630
2.9250000000000	-8.3419042511064
2.9300000000000	-19.743809100909
2.9325000000000	-25.425300547972
2.9350000000000	-31.094093488971
2.9375000000000	-36.749984310941
2.9400000000000	-42.393561034086
2.9450000000000	-53.643009743068
2.9475000000000	-59.249397775886
2.9500000000000	-64.843682199908
2.9525000000000	-70.425904362803
2.9550000000000	-75.996245673183
2.9600000000000	-87.101363858678
2.9625000000000	-92.636897497625
2.9650000000000	-98.160218255144
2.9700000000000	-109.17475502035
2.9725000000000	-114.66342088738
2.9750000000000	-120.14204697029
2.9800000000000	-131.06657285555
2.9825000000000	-136.51209185315
2.9850000000000	-141.94783475425
2.9900000000000	-152.78628446529
2.9925000000000	-158.18955341581
2.9950000000000	-163.58344493312
3.0000000000000	-174.33917593491
3.0025000000000	-179.70093045228
3.0050000000000	174.94559183496
3.0100000000000	164.27136323952
3.0125000000000	158.94852749538
3.0150000000000	153.63421058827
3.0200000000000	143.03720720249
3.0225000000000	137.75415323896
3.0250000000000	132.47928273505
3.0275000000000	127.21436659225
3.0287500000000	124.58369949227
3.0293750000000	123.27066918491
3.0300000000000	121.92815254307
3.0306250000000	120.64509428957
3.0312500000000	119.33077079923
3.0325000000000	116.70737254316
3.0350000000000	111.46893105816
3.0400000000000	101.02001229384
3.0425000000000	95.809037557189
3.0450000000000	90.606661312422
3.0475000000000	85.412959789096
3.0500000000000	80.228368576024
3.0550000000000	69.884685706787
3.0575000000000	64.725494897816
3.0600000000000	59.575607823241
3.0625000000000	54.432939261274
3.0650000000000	49.299108794721
3.0675000000000	44.173708827758
3.0700000000000	39.056194100614
3.0750000000000	28.845977944863
3.0775000000000	23.752876773399
3.0800000000000	18.668349387246
3.0850000000000	8.5224820358654
3.0875000000000	3.4623147399682
3.0900000000000	-1.5924211231900
3.0950000000000	-11.677660090924
3.0975000000000	-16.708407516107
3.1000000000000	-21.714478392115
3.1025000000000	-26.745829253610
3.1050000000000	-31.753748477634
3.1075000000000	-36.754344925863
3.1100000000000	-41.747654338592
3.1150000000000	-51.712371666822
3.1175000000000	-56.684064613720
3.1200000000000	-61.648255049662
3.1250000000000	-71.555580572154
3.1275000000000	-76.499035072823
3.1300000000000	-81.434915584809
3.1350000000000	-91.286981984416
3.1375000000000	-96.202587911901
3.1400000000000	-101.11136712943
3.1425000000000	-106.01349838330
3.1450000000000	-110.90899857928
3.1475000000000	-115.79762878122
3.1500000000000	-120.67999690059
3.1550000000000	-130.42435974859
3.1575000000000	-135.28691476816
3.1600000000000	-140.14345387767
3.1650000000000	-149.83658398495
3.1675000000000	-154.67311989643
3.1700000000000	-159.50386899149
3.1725000000000	-164.32837594221
3.1750000000000	-169.14727009954
3.1800000000000	-178.76545393866
3.1825000000000	176.43524910303
3.1850000000000	171.64072624228
3.1900000000000	162.07097117620
3.1925000000000	157.29571718293
3.1950000000000	152.52412656652
3.2000000000000	143.00248193729
3.2025000000000	138.25067535046
3.2050000000000	133.50317296954
3.2087500000000	126.39445748026
3.2100000000000	124.02747319204
3.2125000000000	119.29775357159
3.2150000000000	114.57363840544
3.2162500000000	112.21366775728
3.2200000000000	105.14164012971
3.2250000000000	95.732591488704
3.2275000000000	91.036055542899
3.2300000000000	86.344864795461
3.2325000000000	81.659282263395
3.2350000000000	76.978907650038
3.2400000000000	67.634925921456
3.2425000000000	62.971343839601
3.2450000000000	58.312225163556
3.2500000000000	49.010087347960
3.2525000000000	44.366975984805
3.2550000000000	39.728342299202
3.2575000000000	35.094979299265
3.2600000000000	30.467809382514
3.2625000000000	25.843943191891
3.2650000000000	21.225991200534
3.2700000000000	12.005215676915
3.2725000000000	7.4023611102246
3.2750000000000	2.8042065302229
3.2775000000000	-1.7890826511959
3.2800000000000	-6.3772564073465
3.2850000000000	-15.539336616593
3.2875000000000	-20.113012816343
3.2900000000000	-24.682233834003
3.2925000000000	-29.246439713977
3.2950000000000	-33.806224098922
3.2975000000000	-38.361202937989
3.3000000000000	-42.911569098989
3.3050000000000	-51.998736771918
3.3075000000000	-56.535432755737
3.3100000000000	-61.067123079996
3.3150000000000	-70.117675473953
3.3175000000000	-74.637037421299
3.3200000000000	-79.151264823406
3.3250000000000	-88.165181295151
3.3275000000000	-92.667526105081
3.3300000000000	-97.164223363064
3.3325000000000	-101.65660161748
3.3350000000000	-106.14523236131
3.3375000000000	-110.62850530974
3.3400000000000	-115.10592414895
3.3450000000000	-124.05463489134
3.3475000000000	-128.52165317113
3.3500000000000	-132.98144837934
3.3550000000000	-141.89404242282
3.3575000000000	-146.34817154503
3.3600000000000	-150.79425127263
3.3650000000000	-159.66968249053
3.3675000000000	-164.10638725434
3.3700000000000	-168.53295175280
3.3750000000000	-177.38051684189
3.3775000000000	178.20275579517
3.3800000000000	173.78935270821
3.3850000000000	164.97463244518
3.3875000000000	160.57434475330
3.3900000000000	156.17556146817
3.3925000000000	151.78293525323
3.3950000000000	147.39166094472
3.3975000000000	143.00666250604
3.4000000000000	138.62283137038
3.4025000000000	134.24584174681
3.4050000000000	129.86904942141
3.4100000000000	121.10502499639
3.4125000000000	116.76555131102
3.4150000000000	112.40416236089
3.4200000000000	103.69352783079
3.4225000000000	99.345583321748
3.4250000000000	94.999757263392
3.4300000000000	86.318868075433
3.4325000000000	81.984751999519
3.4350000000000	77.652632559575
3.4375000000000	73.325826960675
3.4400000000000	69.000452431035
3.4425000000000	64.680951896255
3.4450000000000	60.362277446572
3.4500000000000	51.737988246619
3.4525000000000	47.432918850440
3.4550000000000	43.127401727922
3.4575000000000	38.829543877704
3.4600000000000	34.530392619243
3.4650000000000	25.949867143421
3.4675000000000	21.663354227726
3.4700000000000	17.380142126190
3.4750000000000	8.8236771432792
3.4775000000000	4.5503763189652
3.4800000000000	0.27686296907987
3.4850000000000	-8.2499650892890
3.4875000000000	-12.510266992606
3.4900000000000	-16.770727319343
3.4950000000000	-25.271922034689
3.5000000000000	-33.766924750349
3.5025000000000	-38.004972654208
3.5050000000000	-42.243027797877
3.5100000000000	-50.709760302307
3.5150000000000	-59.164091893297
3.5200000000000	-67.609007834994
3.5250000000000	-76.036016841013
3.5275000000000	-80.246433727457
3.5300000000000	-84.456413537548
3.5350000000000	-92.861921533446
3.5375000000000	-97.058310917732
3.5400000000000	-101.25549377806
3.5450000000000	-109.63738776913
3.5475000000000	-113.82300926268
3.5500000000000	-118.00770498901
3.5550000000000	-126.36657118014
3.5575000000000	-130.54105303447
3.5600000000000	-134.71434095794
3.5650000000000	-143.05028065333
3.5675000000000	-147.21319181358
3.5700000000000	-151.36896002119
3.5725000000000	-155.53270365257
3.5750000000000	-159.68811098589
3.5775000000000	-163.84133179752
3.5800000000000	-167.99094398115
3.5850000000000	-176.28266666380
3.5875000000000	179.57519549011
3.5900000000000	175.43684772000
3.5950000000000	167.16728536547
3.5975000000000	163.03624026061
3.6000000000000	158.90833115528
3.6025000000000	154.78298940381
3.6050000000000	150.65993055878
3.6075000000000	146.54005252206
3.6100000000000	142.42212142552
3.6150000000000	134.19469954826
3.6175000000000	130.08388961877
3.6200000000000	125.97757278481
3.6250000000000	117.77083513031
3.6300000000000	109.57450449264
3.6337500000000	103.42994303015
3.6350000000000	101.38418003546
3.6375000000000	97.294741443707
3.6400000000000	93.207850520578
3.6412500000000	91.165333525837
3.6450000000000	85.046146920412
3.6500000000000	76.889958293583
3.6525000000000	72.811384696669
3.6550000000000	68.739621530319
3.6600000000000	60.607088116838
3.6625000000000	56.539155958964
3.6650000000000	52.477242903038
3.6700000000000	44.360696208167
3.6725000000000	40.306055187931
3.6750000000000	36.255503276758
3.6800000000000	28.156508095756
3.6825000000000	24.111408132674
3.6850000000000	20.068799420180
3.6900000000000	11.989560340516
3.6925000000000	7.9545240014483
3.6950000000000	3.9196385068315
3.7000000000000	-4.1410378259194
3.7025000000000	-8.1651498550262
3.7050000000000	-12.192535929692
3.7100000000000	-20.234908051850
3.7125000000000	-24.248238128430
3.7150000000000	-28.268180269667
3.7200000000000	-36.292352226443
3.7225000000000	-40.296306894621
3.7250000000000	-44.307331380550
3.7300000000000	-52.312724230663
3.7325000000000	-56.312835255014
3.7350000000000	-60.313409027941
3.7400000000000	-68.303093038634
3.7425000000000	-72.295002979599
3.7450000000000	-76.285368796715
3.7475000000000	-80.271197646589
3.7500000000000	-84.255051534527
3.7502500000000	-84.665962239545
3.7514375000000	-86.544924020245
3.7526250000000	-88.436359933421
3.7550000000000	-92.217797551230
3.7600000000000	-100.17341166758
3.7625000000000	-104.14776358515
3.7650000000000	-108.12114230233
3.7700000000000	-116.06147890920
3.7725000000000	-120.02381205016
3.7750000000000	-123.98786487610
3.7775000000000	-127.95003275755
3.7800000000000	-131.91483615850
3.7850000000000	-139.82561227149
3.7875000000000	-143.78044344798
3.7900000000000	-147.73240847735
3.7950000000000	-155.62960767136
3.7975000000000	-159.57944274278
3.8000000000000	-163.51936914209
3.8050000000000	-171.40173181049
3.8075000000000	-175.34414144480
3.8100000000000	-179.28005671869
3.8125000000000	176.78606519906
3.8150000000000	172.85595953333
3.8175000000000	168.92436093114
3.8200000000000	164.99702194999
3.8250000000000	157.14610960590
3.8275000000000	153.22472439832
3.8300000000000	149.30434492726
3.8325000000000	145.38572065757
3.8350000000000	141.46578908390
3.8400000000000	133.64068447779
3.8425000000000	129.72934968681
3.8450000000000	125.81518772519
3.8500000000000	118.00153294963
3.8525000000000	114.10277610473
3.8550000000000	110.19623191616
3.8575000000000	106.30083922215
3.8600000000000	102.39867030819
3.8650000000000	94.607733072817
3.8675000000000	90.719773661373
3.8700000000000	86.823655004863
3.8725000000000	82.940439450310
3.8750000000000	79.046876425285
3.8775000000000	75.168429308026
3.8800000000000	71.277348032755
3.8825000000000	67.403614761006
3.8850000000000	63.523861747882
3.8875000000000	59.645856957411
3.8900000000000	55.758488680840
3.8925000000000	51.895032610423
3.8950000000000	48.022163955481
3.8975000000000	44.151009171134
3.9000000000000	40.265982417641
3.9025000000000	36.413744823996
3.9050000000000	32.547620365913
3.9075000000000	28.683160585868
3.9100000000000	24.800402047713
3.9137500000000	19.029278338899
3.9150000000000	17.099746454811
3.9175000000000	13.241929591580
3.9200000000000	9.3857791829398
3.9212500000000	7.4583312827414
3.9250000000000	1.6543727170374
3.9275000000000	-2.1726613168356
3.9300000000000	-6.0220606936723
3.9325000000000	-9.8698743114955
3.9350000000000	-13.740372277381
3.9375000000000	-17.560365265437
3.9400000000000	-21.403132099691
3.9425000000000	-25.244312165394
3.9450000000000	-29.106895212661
3.9500000000000	-36.780559373445
3.9525000000000	-40.595824671397
3.9550000000000	-44.448371599604
3.9575000000000	-48.266956319386
3.9600000000000	-52.108861443454
3.9625000000000	-55.935445931104
3.9650000000000	-59.751931236001
3.9675000000000	-63.572119676808
3.9687500000000	-65.484573789557
3.9693750000000	-66.444000899367
3.9700000000000	-67.381552766418
3.9706250000000	-68.351786758397
3.9712500000000	-69.310127992836
3.9725000000000	-71.230495505372
3.9750000000000	-75.054683444205
3.9775000000000	-78.866166555697
3.9800000000000	-82.687394061856
3.9825000000000	-86.500298766072
3.9850000000000	-90.315558413309
3.9900000000000	-97.938751008825
3.9925000000000	-101.75073256028
3.9950000000000	-105.55609964393
3.9975000000000	-109.36515551831
4.0000000000000	-113.16989105205
4.0025000000000	-116.97298719253
4.0050000000000	-120.77447104395
4.0075000000000	-124.57437110468
4.0100000000000	-128.37138891825
4.0150000000000	-135.96490100583
4.0175000000000	-139.75880576615
4.0200000000000	-143.55125212433
4.0237500000000	-149.23745531288
4.0250000000000	-151.13214996143
4.0275000000000	-154.92052751886
4.0300000000000	-158.70753342590
4.0350000000000	-166.27639158957
4.0375000000000	-170.05957640484
4.0400000000000	-173.84014573968
4.0425000000000	-177.61919820343
4.0450000000000	178.60352899476
4.0500000000000	171.05260994547
4.0525000000000	167.27724398058
4.0550000000000	163.50702631980
4.0600000000000	155.96460017120
4.0625000000000	152.19684952829
4.0650000000000	148.42873556422
4.0675000000000	144.66609838110
4.0700000000000	140.89992521211
4.0725000000000	137.14114233251
4.0750000000000	133.35761887300
4.0775000000000	129.62161921038
4.0800000000000	125.85966849131
4.0850000000000	118.34762765059
4.0875000000000	114.59815336111
4.0900000000000	110.84551746912
4.0925000000000	107.09420022919
4.0950000000000	103.33967192060
4.1000000000000	95.843621177085
4.1025000000000	92.102173782800
4.1050000000000	88.352746975088
4.1075000000000	84.614230823698
4.1100000000000	80.867152010191
4.1150000000000	73.392468287944
4.1175000000000	69.654652147069
4.1200000000000	65.911536947828
4.1250000000000	58.441741592407
4.1275000000000	54.715380462376
4.1300000000000	50.977403078600
4.1325000000000	47.250688718845
4.1350000000000	43.519330876649
4.1375000000000	39.792086239327
4.1400000000000	36.079380239782
4.1425000000000	32.343645746859
4.1450000000000	28.620968989236
4.1475000000000	24.894058498875
4.1500000000000	21.176467728215
4.1525000000000	17.455943618620
4.1550000000000	13.735371996271
4.1600000000000	6.3027977840669
4.1625000000000	2.5924109188907
4.1650000000000	-1.1243364719789
4.1687500000000	-6.6872325796215
4.1700000000000	-8.5422000375386
4.1725000000000	-12.251166459276
4.1750000000000	-15.958845508052
4.1775000000000	-19.665270516907
4.1800000000000	-23.375441303939
4.1850000000000	-30.782416698924
4.1887500000000	-36.328548700800
4.1900000000000	-38.178488150429
4.1925000000000	-41.877439973016
4.1950000000000	-45.575147334703
4.1962500000000	-47.423535288784
4.2000000000000	-52.973471431460
4.2031250000000	-57.584360358026
4.2050000000000	-60.353901516537
4.2062500000000	-62.199902248991
4.2100000000000	-67.736180485173
4.2125000000000	-71.425556568301
4.2150000000000	-75.113818065109
4.2187500000000	-80.644015550186
4.2200000000000	-82.486860500593
4.2250000000000	-89.862057799531
4.2281250000000	-94.458941708105
4.2300000000000	-97.219044713553
4.2312500000000	-99.059271733045
4.2343750000000	-103.65885996813
4.2350000000000	-104.57858279190
4.2375000000000	-108.25680800024
4.2400000000000	-111.93396785266
4.2437500000000	-117.44771041803
4.2450000000000	-119.28509677816
4.2500000000000	-126.63660686408
4.2525000000000	-130.30401599400
4.2550000000000	-133.97526466735
4.2575000000000	-137.64618433485
4.2600000000000	-141.31614897432
4.2650000000000	-148.64950722627
4.2675000000000	-152.31351406151
4.2700000000000	-155.97887218014
4.2725000000000	-159.64188913554
4.2750000000000	-163.30386627365
4.2775000000000	-166.96615106008
4.2800000000000	-170.62475582262
4.2825000000000	-174.28584353461
4.2850000000000	-177.94149389124
4.2875000000000	178.39875458652
4.2900000000000	174.74610540779
4.2925000000000	171.08764426860
4.2950000000000	167.43824846089
4.2975000000000	163.78119479640
4.3000000000000	160.13493011948
4.3025000000000	156.48012119425
4.3050000000000	152.83624746124
4.3075000000000	149.18449046668
4.3100000000000	145.54206128432
4.3125000000000	141.89281444636
4.3150000000000	138.25215195935
4.3175000000000	134.60352166766
4.3200000000000	130.96679921858
4.3225000000000	127.31710357688
4.3250000000000	123.68581332954
4.3275000000000	120.03473714478
4.3300000000000	116.41018794730
4.3350000000000	109.13888085712
4.3375000000000	105.48543307398
4.3400000000000	101.87221727764
4.3425000000000	98.219191794550
4.3450000000000	94.610131043662
4.3475000000000	90.958636679556
4.3500000000000	87.352390105963
4.3550000000000	80.098668142796
4.3575000000000	76.453967503045
4.3600000000000	72.848390020079
4.3625000000000	69.209037762253
4.3650000000000	65.601685823335
4.3675000000000	61.967930192658
4.3700000000000	58.358355779648
4.3725000000000	54.732845472331
4.3750000000000	51.116962615094
4.3775000000000	47.497428672743
4.3800000000000	43.876247974013
4.3825000000000	40.263390462951
4.3850000000000	36.642590353615
4.3875000000000	33.041236953042
4.3900000000000	29.433175939432
4.3925000000000	25.821078833712
4.3950000000000	22.209928497477
4.3975000000000	18.601213821229
4.4000000000000	14.991673300700
4.4050000000000	7.7785425146992
4.4075000000000	4.1701993839943
4.4100000000000	0.56866836966956
4.4125000000000	-3.0383697691290
4.4150000000000	-6.6380326180608
4.4175000000000	-10.243112814842
4.4200000000000	-13.844067704693
4.4225000000000	-17.444099990377
4.4250000000000	-21.040914182480
4.4275000000000	-24.641446874993
4.4300000000000	-28.238786661146
4.4325000000000	-31.835266539340
4.4350000000000	-35.429732460263
4.4375000000000	-39.025696339906
4.4400000000000	-42.619683376351
4.4425000000000	-46.212923002082
4.4450000000000	-49.804801376070
4.4500000000000	-56.987263240374
4.4525000000000	-60.579113177663
4.4550000000000	-64.169188288759
4.4575000000000	-67.758705395791
4.4600000000000	-71.341803921456
4.4650000000000	-78.513503853802
4.4675000000000	-82.108556792057
4.4700000000000	-85.681106285242
4.4725000000000	-89.274807577799
4.4750000000000	-92.844310551479
4.4800000000000	-100.00288459106
4.4825000000000	-103.58539356137
4.4850000000000	-107.15666197680
4.4875000000000	-110.73260382667
4.4900000000000	-114.30567108725
4.4925000000000	-117.87710053406
4.4950000000000	-121.45073202812
4.5000000000000	-128.59300600362
4.5025000000000	-132.15380510764
4.5050000000000	-135.73222730926
4.5075000000000	-139.30248859644
4.5087500000000	-141.09640773521
4.5093750000000	-141.99103037772
4.5100000000000	-142.86697560454
4.5106250000000	-143.77792198627
4.5112500000000	-144.67082250602
4.5125000000000	-146.45621956790
4.5150000000000	-149.99459130358
4.5175000000000	-153.58346502801
4.5200000000000	-157.12243121574
4.5250000000000	-164.25467512025
4.5275000000000	-167.82574908333
4.5300000000000	-171.37939048092
4.5350000000000	-178.49899958473
4.5375000000000	177.93043886728
4.5400000000000	174.38483602915
4.5425000000000	170.81547780736
4.5450000000000	167.25985844978
4.5475000000000	163.70539429496
4.5500000000000	160.16214222368
4.5550000000000	153.05470717596
4.5575000000000	149.49878077668
4.5600000000000	145.93728040236
4.5650000000000	138.86394834315
4.5675000000000	135.32867372690
4.5700000000000	131.78143935412
4.5725000000000	128.23469563227
4.5750000000000	124.69017308176
4.5800000000000	117.60447068280
4.5825000000000	114.06329913090
4.5850000000000	110.51519492893
4.5900000000000	103.44487524408
4.5925000000000	99.907055297876
4.5950000000000	96.356885184794
4.5975000000000	92.833899956123
4.6000000000000	89.282892848508
4.6050000000000	82.228458102028
4.6075000000000	78.694697659200
4.6100000000000	75.161569466197
4.6150000000000	68.097100005159
4.6175000000000	64.565740733644
4.6200000000000	61.016231629226
4.6225000000000	57.504673597287
4.6250000000000	53.974937180574
4.6300000000000	46.898886178253
4.6337500000000	41.624839859841
4.6350000000000	39.861028436990
4.6375000000000	36.333761523750
4.6400000000000	32.806964334441
4.6412500000000	31.043740632480
4.6450000000000	25.741021647780
4.6487500000000	20.466852376155
4.6500000000000	18.704453087803
4.6525000000000	15.180024788794
4.6550000000000	11.656107984975
4.6562500000000	9.8943498203089
4.6600000000000	4.6045631163162
4.6625000000000	1.0878897072758
4.6650000000000	-2.4334815723619
4.6675000000000	-5.9541892253950
4.6700000000000	-9.4729933739178
4.6750000000000	-16.506857220435
4.6775000000000	-20.027132547975
4.6787500000000	-21.784854376795
4.6800000000000	-23.536683824025
4.6806250000000	-24.420671554979
4.6812500000000	-25.299044009424
4.6818750000000	-26.177288278647
4.6825000000000	-27.055398204369
4.6850000000000	-30.561065396855
4.6875000000000	-34.074330390620
4.6887500000000	-35.827245302259
4.6893750000000	-36.703475566928
4.6900000000000	-37.575840363463
4.6906250000000	-38.455609954042
4.6912500000000	-39.331571948649
4.6918750000000	-40.207500583274
4.6925000000000	-41.083419209832
4.6937500000000	-42.835296908272
4.6950000000000	-44.584869663690
4.6975000000000	-48.091945606618
4.7000000000000	-51.598546336883
4.7025000000000	-55.105534344051
4.7050000000000	-58.612014455272
4.7075000000000	-62.119112519777
4.7100000000000	-65.624118554250
4.7125000000000	-69.120408801662
4.7150000000000	-72.629416445410
4.7175000000000	-76.123405181565
4.7200000000000	-79.628154153071
4.7225000000000	-83.110839456047
4.7250000000000	-86.621148012867
4.7300000000000	-93.607713531343
4.7325000000000	-97.093012960764
4.7350000000000	-100.59076389466
4.7375000000000	-104.07903593709
4.7400000000000	-107.56848634908
4.7425000000000	-111.06296829285
4.7437500000000	-112.80832908132
4.7443750000000	-113.68098842451
4.7450000000000	-114.55069542147
4.7456250000000	-115.42657887632
4.7462500000000	-116.29972296025
4.7468750000000	-117.17326624735
4.7475000000000	-118.04726614550
4.7487500000000	-119.79989592693
4.7493750000000	-120.71277983738
4.7500000000000	-121.61521875972
4.7506250000000	-122.44241992072
4.7512500000000	-123.33177841593
4.7525000000000	-125.07521984724
4.7550000000000	-128.56179830944
4.7575000000000	-132.06559931746
4.7600000000000	-135.55291742407
4.7625000000000	-139.06503741822
4.7650000000000	-142.54980996900
4.7675000000000	-146.06111399991
4.7700000000000	-149.54337261676
4.7725000000000	-153.05362972534
4.7750000000000	-156.53313689217
4.7775000000000	-160.00508122750
4.7787500000000	-161.75137128510
4.7793750000000	-162.62446589103
4.7800000000000	-163.51937992818
4.7806250000000	-164.37055701393
4.7812500000000	-165.24355458235
4.7825000000000	-166.98945622902
4.7850000000000	-170.48290817217
4.7875000000000	-173.87981857148
4.7900000000000	-177.46675391564
4.7925000000000	179.15847680465
4.7950000000000	175.67904228941
4.7975000000000	172.19921376565
4.8000000000000	168.72145070540
4.8050000000000	161.76634713630
4.8075000000000	158.28820570015
4.8100000000000	154.81438309729
4.8150000000000	147.86458540738
4.8175000000000	144.38779017111
4.8200000000000	140.91734883115
4.8225000000000	137.44141782415
4.8250000000000	133.97267271338
4.8275000000000	130.49717066428
4.8287500000000	128.76175031980
4.8293750000000	127.89410362131
4.8300000000000	127.03056027997
4.8306250000000	126.15893724666
4.8312500000000	125.29141759121
4.8325000000000	123.55650538003
4.8337500000000	121.82176265697
4.8343750000000	120.95445485273
4.8350000000000	120.09101769616
4.8356250000000	119.21996633509
4.8362500000000	118.35278560330
4.8375000000000	116.61855112878
4.8387500000000	114.88448582436
4.8393750000000	114.01751654926
4.8400000000000	113.15405117328
4.8406250000000	112.28370449219
4.8412500000000	111.41686181084
4.8425000000000	109.68330418323
4.8450000000000	106.21951533334
4.8500000000000	99.288038196259
4.8550000000000	92.359232251122
4.8600000000000	85.432998533337
4.8625000000000	81.968934800868
4.8650000000000	78.507561833926
4.8675000000000	75.046819829373
4.8700000000000	71.588475605367
4.8725000000000	68.127231373251
4.8750000000000	64.670177045975
4.8775000000000	61.210180812038
4.8800000000000	57.752587139307
4.8825000000000	54.295614810963
4.8850000000000	50.841640103689
4.8875000000000	47.383691772759
4.8900000000000	43.933421643891
4.8925000000000	40.475859604395
4.8950000000000	37.029994229518
4.8975000000000	33.572937525889
4.9000000000000	30.127325895780
4.9025000000000	26.672459972987
4.9050000000000	23.223008659809
4.9075000000000	19.774141721536
4.9100000000000	16.329225962000
4.9150000000000	9.4340430632587
4.9175000000000	5.9848448769582
4.9200000000000	2.5412977610616
4.9225000000000	-0.90621231486583
4.9250000000000	-4.3486219985583
4.9300000000000	-11.236481779075
4.9325000000000	-14.680969066890
4.9350000000000	-18.122316111652
4.9400000000000	-25.005918345053
4.9425000000000	-28.447862275818
4.9450000000000	-31.886959999046
4.9500000000000	-38.765198426499
4.9525000000000	-42.203966242331
4.9550000000000	-45.633165672108
4.9575000000000	-49.068177125196
4.9600000000000	-52.504952311704
4.9625000000000	-55.937050365848
4.9650000000000	-59.357382606952
4.9675000000000	-62.801289114212
4.9700000000000	-66.221070816967
4.9725000000000	-69.659921504573
4.9750000000000	-73.079351127160
4.9775000000000	-76.511950407441
4.9800000000000	-79.974886921564
4.9825000000000	-83.401114435211
4.9850000000000	-86.837473862864
4.9862500000000	-88.550056596804
4.9868750000000	-89.408696086436
4.9875000000000	-90.291856771700
4.9881250000000	-91.150449629168
4.9887500000000	-92.009234484260
4.9900000000000	-93.728960001191
4.9912500000000	-95.448953192427
4.9925000000000	-97.174282989279
4.9931250000000	-98.036595193478
4.9937500000000	-98.868061387233
4.9943750000000	-99.730516180480
4.9950000000000	-100.59807058051
4.9962500000000	-102.30025614965
4.9975000000000	-103.99143627441
5.0000000000000	-107.40856990461
