0.0000000000000	2173.3166896590
0.12495899200439	2201.5992104635
0.24991798400879	2229.9050241482
0.37487697601318	2258.2327755743
0.49983596801758	2290.9144623038
0.62479400634766	2324.4998397285
0.74975299835205	2358.1125254852
0.87471199035645	2396.0279713632
0.99967098236084	2436.1467442177
1.1246299743652	2476.3018034932
1.2495889663696	2521.3981012181
1.3745479583740	2571.5443735521
1.4995069503784	2621.7479203801
1.6244659423828	2672.0060015845
1.7494249343872	2724.2446770753
1.8743839263916	2794.9236708564
1.9993419647217	2865.7194917343
2.1243009567261	2936.6246568929
2.2492599487305	3007.6309674075
2.3742189407349	3078.7311820886
2.4991779327393	3149.9194083414
2.6241369247437	3262.6960652723
2.7490959167480	3375.9562296496
2.8740549087524	3489.4061128819
2.9990139007568	3603.0268665865
3.1239719390869	3716.8027461138
3.2489309310913	3830.7211550493
3.3738899230957	4002.4872906434
3.4988489151001	4181.4103582914
3.6238079071045	4360.4608206652
3.7487668991089	4539.6240208760
3.8737258911133	4751.2470830250
3.9986848831177	4996.3924745725
4.1236438751221	5241.5419868038
4.2486019134521	5501.7205535476
4.3735618591309	5794.4116152693
4.4985198974609	6088.4950557936
4.6234788894653	6375.2114396562
4.7484378814697	6622.2259901391
4.8733968734741	6879.7059476069
4.9983558654785	7146.5193150322
5.1233148574829	6879.1073886210
5.2482738494873	6613.8007324182
5.3732318878174	6359.0083938318
5.4981918334961	6066.0844964941
5.6231498718262	5764.3618907753
5.7481098175049	5464.0829716776
5.8730678558350	5194.9767702907
5.9980268478394	4942.0270948036
6.1229858398438	4689.0866215372
6.2479438781738	4467.8532677609
6.3729038238525	4280.7021819328
6.4978618621826	4093.6479800697
6.6228218078613	3906.6970710429
6.7477798461914	3725.1880575927
6.8727397918701	3603.2992594543
6.9976978302002	3481.5336946423
7.1226577758789	3359.9014899380
7.2476158142090	3238.4211753564
7.3725738525391	3117.1085062559
7.4975337982178	2995.9818506361
7.6224937438965	2915.8151674364
7.7474517822266	2836.5459143375
7.8724098205566	2757.3578981363
7.9973697662354	2678.2568140843
8.1223278045654	2599.2529632261
8.2472877502441	2520.3533902280
8.3722457885742	2459.1757650433
8.4972038269043	2400.4797870637
8.6221637725830	2341.8284220708
8.7471237182617	2283.2264202788
8.8720817565918	2229.2133233269
8.9970397949219	2180.1831550483
9.1219997406006	2131.1817605299
9.2469577789307	2084.0686245579
9.3719177246094	2041.1091959701
9.4968757629395	1998.1711277563
9.6218338012695	1955.9231645319
9.7467937469482	1917.7343288644
9.8717536926270	1879.5612671785
9.9967117309570	1841.4054442548
10.121669769287	1807.0185727132
10.246629714966	1772.7455389471
10.371589660645	1738.4861449364
10.496547698975	1706.8947954395
10.621505737305	1675.9563535243
10.746463775635	1645.0304924322
10.871423721313	1615.9706603383
10.996383666992	1587.9786836891
11.121341705322	1560.0003533932
11.246299743652	1533.6119961661
11.371259689331	1509.0218782859
11.496219635010	1484.4487004685
11.621177673340	1459.8931829018
11.746135711670	1435.7222288453
11.871093750000	1416.5258335002
11.996053695679	1397.3586070173
12.121013641357	1378.2223957647
12.245971679688	1359.1186233844
12.370929718018	1340.0484250458
12.495889663696	1321.0128932089
12.620849609375	1311.1544063599
12.745807647705	1301.6733895470
12.870765686035	1292.2610302191
12.995723724365	1282.9187149316
13.120683670044	1273.6478736850
13.245643615723	1264.4500728976
13.370601654053	1267.2679033251
13.495559692383	1272.0354955468
13.620519638062	1276.8951735404
13.745479583740	1281.8459952465
13.870437622070	1293.4867850521
13.995395660400	1312.7622998343
14.120355606079	1332.0624291264
14.245313644409	1354.4641679793
14.370273590088	1384.2525508452
14.495231628418	1414.1693172000
14.620189666748	1442.7532583019
14.745149612427	1462.6584668928
14.870109558105	1484.4778908742
14.995067596436	1508.1279632298
15.120025634766	1422.1103619919
15.244985580444	1333.6392789207
15.369945526123	1247.7506396571
15.494903564453	1154.2470393412
15.619861602783	1058.7575004800
15.744819641113	963.95427042648
15.869779586792	875.37256789966
15.994739532471	790.31451443578
16.119697570801	705.46863908076
16.244655609131	626.92304317457
16.369615554810	555.74257160688
16.494573593140	484.76457126384
16.619533538818	414.09050035026
16.744491577148	344.64600521598
16.869451522827	288.39148748447
16.994409561157	233.25908886794
17.119369506836	180.27884673813
17.244327545166	132.06930206684
17.369285583496	96.098478634645
17.494245529175	88.760101883864
17.619203567505	112.64020037237
17.744163513184	150.25016120456
17.869121551514	193.73173577448
17.994081497192	239.91433752089
18.119039535522	287.49820499378
18.243999481201	335.88950865281
18.368957519531	382.61187711033
18.493915557861	429.17010174714
18.618875503540	475.87014153468
18.743833541870	522.67279118326
18.868793487549	569.36642477115
18.993751525879	615.87370894869
19.118711471558	662.40825392494
19.243669509888	709.08736251438
19.368629455566	756.09167099420
19.493587493896	803.10164798804
19.618547439575	850.25729762950
19.743505477905	898.48316566326
19.868463516235	946.70959178846
19.993423461914	994.93722842846
20.118381500244	1045.1179670716
20.243341445923	1095.4082822323
20.368299484253	1145.6982282007
20.493259429932	1198.4717109823
20.618217468262	1251.9511817619
20.743177413940	1305.4345490415
20.868135452271	1361.7611203932
20.993093490601	1419.9049673147
21.118053436279	1478.0584632555
21.243011474609	1539.6911512251
21.367971420288	1605.7133036935
21.492929458618	1671.7570201095
21.617889404297	1737.8214781385
21.742847442627	1804.6250921304
21.867807388306	1887.7326041019
21.992765426636	1970.9023601530
22.117725372314	2054.1291336326
22.242683410645	2137.4039197865
22.367641448975	2220.7223013836
22.492599487305	2304.0798992510
22.617561340332	2421.2074366735
22.742519378662	2540.5736613389
22.867477416992	2660.0453429101
22.992439270020	2779.6126651231
23.117393493652	2899.2529381059
23.242355346680	3018.9716843213
23.367313385010	3185.6234174017
23.492271423340	3361.3341025248
23.617233276367	3537.1092522193
23.742187500000	3712.9244044692
23.867149353027	3913.6317846219
23.992107391357	4146.1365699026
24.117065429688	4378.6630596666
24.242027282715	4621.9506488101
24.366985321045	4895.1771265309
24.491943359375	5169.7866495461
24.616901397705	5440.6092214080
24.741859436035	5674.0356403348
24.866821289062	5916.8036246251
24.991779327393	6167.7962502309
25.116737365723	5981.7518238036
25.241699218750	5772.3431805351
25.366653442383	5571.7879334737
25.491615295410	5341.2041057818
25.616573333740	5100.5080409645
25.741531372070	4860.9093861108
25.866493225098	4646.3910555728
25.991447448730	4448.1796707907
26.116409301758	4249.9554796786
26.241367340088	4076.2951841632
26.366325378418	3935.3151329208
26.491287231445	3794.4608191479
26.616245269775	3653.7556424139
26.741203308105	3514.8624251622
26.866165161133	3430.6626750962
26.991119384766	3346.6205257586
27.116081237793	3262.7385415720
27.241039276123	3179.0366979629
27.365997314453	3095.5271097882
27.490959167480	3012.2234811348
27.615913391113	2962.9263557742
27.740875244141	2916.3606243255
27.865833282471	2869.8946499044
27.990791320801	2823.5322753452
28.115753173828	2777.2771853836
28.240711212158	2731.1381625873
28.365669250488	2699.9153519295
28.490627288818	2671.8725029555
28.615585327148	2643.8865214975
28.740547180176	2615.9584829135
28.865505218506	2591.9685915079
28.990463256836	2573.2565326333
29.115425109863	2554.5830329583
29.240379333496	2537.5439831303
29.365341186523	2525.1343949993
29.490299224854	2512.7570504192
29.615257263184	2500.8839742524
29.740219116211	2493.8594894896
29.865173339844	2486.8633656695
29.990135192871	2479.8953440226
30.115093231201	2477.4898169130
30.240051269531	2475.5006288916
30.365013122559	2473.5393909261
30.489971160889	2475.4152492765
30.614929199219	2478.5720371336
30.739891052246	2481.7597998024
30.864845275879	2488.3202069846
30.989807128906	2497.2914156144
31.114765167236	2506.3001685190
31.239723205566	2518.7717972814
31.364685058594	2536.0921728627
31.489639282227	2553.4669650589
31.614601135254	2570.8970620345
31.739559173584	2588.6388074520
31.864517211914	2622.1715063411
31.989479064941	2655.8116620241
32.114437103271	2689.5535032750
32.239395141602	2723.3937424814
32.364353179932	2757.3289936484
32.489311218262	2791.3557904827
32.614273071289	2855.1079019069
32.739231109619	2921.8227989111
32.864189147949	2988.7225806284
32.989147186279	3055.7953493110
33.114109039307	3123.0317893532
33.239067077637	3190.4173316269
33.364025115967	3298.2706188257
33.488983154297	3415.5765138160
33.613941192627	3533.0309433174
33.738903045654	3650.6231568868
33.863861083984	3789.1760425064
33.988819122314	3957.4565001972
34.113777160645	4125.7373948075
34.238739013672	4302.7839347098
34.363697052002	4507.5808033524
34.488655090332	4713.3209174501
34.613613128662	4916.6655786214
34.738571166992	5085.7825188762
34.863533020020	5262.7753942911
34.988491058350	5446.8655508921
35.113449096680	5255.8576687303
35.238407135010	5033.2901489788
35.363368988037	4818.8687881944
35.488327026367	4579.2657540729
35.613285064697	4329.7352378530
35.738243103027	4081.4513352191
35.863201141357	3854.2455014170
35.988162994385	3642.0848506722
36.113121032715	3429.9594046212
36.238079071045	3238.0272590434
36.363037109375	3075.9436081808
36.487998962402	2913.8853949687
36.612957000732	2751.8680519667
36.737915039062	2590.0434547785
36.862873077393	2477.3975280105
36.987831115723	2364.7962333118
37.112792968750	2252.2425101567
37.237751007080	2139.7519819014
37.362709045410	2027.3307795514
37.487667083740	1914.9908751849
37.612628936768	1831.2295271817
37.737586975098	1750.6144883107
37.862545013428	1670.0226287844
37.987503051758	1589.4579953447
38.112464904785	1508.9220609764
38.237422943115	1428.4252151143
38.362380981445	1359.9083539099
38.487339019775	1294.3930317033
38.612297058105	1228.8842184117
38.737258911133	1163.3808965598
38.862216949463	1100.5755194544
38.987174987793	1041.8164402408
39.112133026123	983.05776493747
39.237094879150	925.17471534914
39.362052917480	870.21219674937
39.487010955811	815.25116049526
39.611968994141	760.44128533544
39.736927032471	707.86285680659
39.861888885498	655.29627709966
39.986846923828	602.74801914348
40.111804962158	551.39046108538
40.236763000488	500.22416590216
40.361724853516	449.12992653452
40.486682891846	398.46571048346
40.611640930176	348.13026282571
40.736598968506	298.11598982724
40.861557006836	248.47687448414
40.986518859863	199.82409453402
41.111476898193	153.39395575926
41.236434936523	111.91166124249
41.361392974854	85.066694329227
41.486354827881	88.525061300917
41.611312866211	119.68798979305
41.736270904541	163.40702800411
41.861228942871	219.28128290116
41.986186981201	277.31337114100
42.111148834229	336.35434865625
42.236106872559	395.95030494447
42.361064910889	455.88475811697
42.486022949219	516.03981087602
42.610984802246	590.24359349656
42.735942840576	666.25549145430
42.860900878906	742.30706407481
42.985858917236	818.38730721536
43.110816955566	894.48885767307
43.235778808594	970.60900275584
43.360736846924	1065.6213692487
43.485694885254	1165.7734234849
43.610652923584	1265.9347544414
43.735614776611	1366.1064200742
43.860572814941	1475.6359596602
43.985530853271	1600.1141552820
44.110488891602	1724.6793995802
44.235450744629	1852.9456931314
44.360408782959	1994.8626313047
44.485366821289	2137.6364172427
44.610324859619	2280.0377392903
44.735282897949	2404.8797515500
44.860244750977	2534.0969642386
44.985202789307	2667.0457234341
45.110160827637	2621.1928222675
45.235118865967	2554.2206788714
45.360080718994	2490.8531745564
45.485038757324	2415.6855386712
45.609996795654	2335.0531640705
45.734954833984	2254.7579854891
45.859912872314	2184.6072180079
45.984874725342	2122.7022207469
46.109832763672	2060.8117150931
46.234790802002	2008.4174553438
46.359748840332	1971.7693931623
46.484710693359	1935.2326133114
46.609668731689	1898.8160714404
46.734626770020	1862.5257058436
46.859584808350	1850.2617048051
46.984542846680	1838.6751712952
47.109504699707	1827.1983832306
47.234462738037	1815.8343657306
47.359420776367	1804.5844642743
47.484378814697	1793.4513177326
47.609340667725	1796.3720581078
47.734298706055	1801.3461524633
47.859256744385	1806.3784612986
47.984214782715	1811.4683767269
48.109172821045	1816.6155358049
48.234134674072	1821.8198104095
48.359092712402	1833.5771900060
48.484050750732	1847.2741707664
48.609008789062	1861.0024982078
48.733970642090	1874.7617273619
48.858928680420	1890.3372304290
48.983886718750	1908.9418590127
49.108844757080	1927.5688067924
49.233802795410	1946.9909778687
49.358764648438	1969.4389636683
49.483722686768	1991.9056890695
49.608680725098	2014.5350282323
49.733638763428	2040.9668411306
49.858600616455	2067.4188096332
49.983558654785	2093.8883657006
50.108516693115	2124.2158029430
50.233474731445	2155.1465137141
50.358436584473	2186.0987140906
50.483394622803	2220.7203125597
50.608352661133	2256.9301283725
50.733310699463	2293.1657724808
50.858268737793	2332.8521265186
50.983230590820	2375.5864297943
51.108188629150	2418.3544896901
51.233146667480	2464.7525699099
51.358104705811	2517.4894647882
51.483066558838	2570.2841238626
51.608024597168	2623.1292203889
51.732982635498	2676.0236286179
51.857940673828	2748.5622448897
51.982898712158	2821.9558736893
52.107860565186	2895.4591876202
52.232818603516	2969.0592437714
52.357776641846	3042.7513308526
52.482734680176	3116.5291599732
52.607696533203	3226.5954552027
52.732654571533	3342.6611595785
52.857612609863	3458.9140098874
52.982570648193	3575.3357550607
53.107528686523	3691.9104051074
53.232490539551	3808.6274972889
53.357448577881	3974.9022633504
53.482406616211	4156.9177013383
53.607364654541	4339.0588428619
53.732326507568	4521.3151535401
53.857284545898	4727.4705271401
53.982242584229	4976.0178110406
54.107200622559	5224.5708903617
54.232162475586	5482.0590875443
54.357116699219	5778.1354134534
54.482078552246	6075.6782200977
54.607040405273	6373.1450002302
54.731994628906	6621.9798704656
54.856956481934	6881.5400004956
54.981918334961	7150.6435438801
55.106872558594	6955.2650494529
55.231826782227	6689.0756766562
55.356796264648	6433.2464625579
55.481750488281	6147.5538868474
55.606704711914	5845.8925310829
55.731666564941	5545.6243405501
55.856628417969	5270.7852019222
55.981582641602	5018.4394393418
56.106544494629	4766.0850594130
56.231506347656	4536.9419498923
56.356460571289	4350.8203574311
56.481422424316	4164.7845709366
56.606384277344	3978.8600747075
56.731338500977	3793.0741007895
56.856292724609	3669.2417798701
56.981254577637	3548.7531598514
57.106216430664	3428.4035882478
57.231170654297	3308.2160851332
57.356132507324	3188.1927306613
57.481094360352	3068.3620066684
57.606048583984	2984.2104723190
57.731010437012	2906.4640367355
57.855972290039	2828.8020514264
57.980926513672	2751.2354069075
58.105880737305	2673.7677496582
58.230850219727	2596.3987133272
58.355804443359	2534.2673977503
58.480758666992	2477.3086581717
58.605720520020	2420.3938453049
58.730682373047	2363.5298557347
58.855636596680	2310.1027660750
58.980598449707	2263.0806894329
59.105560302734	2216.0890571757
59.230514526367	2170.2447459948
59.355476379395	2129.5408823655
59.480438232422	2088.8594279034
59.605392456055	2048.2537328799
59.730346679688	2012.5135749199
59.855316162109	1976.7861267265
59.980270385742	1941.0812988819
60.105224609375	1908.7806912008
60.230186462402	1877.1280765678
60.355148315430	1845.4910725543
60.480102539062	1816.1881664335
60.605064392090	1788.0187764273
60.730026245117	1759.8644909989
60.854980468750	1733.3374279383
60.979942321777	1708.3982366847
61.104904174805	1683.4756354474
61.229858398438	1659.8667903711
61.354812622070	1638.8186413333
61.479782104492	1617.7895046133
61.604736328125	1596.7854665311
61.729690551758	1575.8047440319
61.854652404785	1560.8663201189
61.979614257812	1546.3697564054
62.104568481445	1531.9143469001
62.229530334473	1517.4996868929
62.354492187500	1503.1275661670
62.479446411133	1488.8002947745
62.604408264160	1484.3399416835
62.729370117188	1481.8958662265
62.854324340820	1479.5383861176
62.979278564453	1477.2677111771
63.104240417480	1475.0840600251
63.229202270508	1472.9880114146
63.354156494141	1483.8360326688
63.479118347168	1499.4541755188
63.604080200195	1515.1769857464
63.729034423828	1531.0003929581
63.853996276855	1552.9455737665
63.978958129883	1586.9740023420
64.103912353516	1621.0199700832
64.228874206543	1657.2556453190
64.353828430176	1704.5713800278
64.478790283203	1752.0924957240
64.603752136230	1799.7999171893
64.728706359863	1834.3829556451
64.853668212891	1871.4684644181
64.978622436523	1910.9458162484
65.103584289551	1830.3418324339
65.228546142578	1727.0810516138
65.353500366211	1626.9247724192
65.478462219238	1519.3446349696
65.603416442871	1407.2151993609
65.728378295898	1295.7812178275
65.853340148926	1190.7753397373
65.978294372559	1091.8092458488
66.103256225586	992.97111950157
66.228218078613	899.83318304441
66.353172302246	818.30156711211
66.478134155273	736.82800661707
66.603088378906	655.44589472850
66.728050231934	574.18198729956
66.853012084961	508.93023117652
66.977966308594	445.18442321521
67.102928161621	381.73513078796
67.227882385254	318.76957127871
67.352844238281	256.63344569865
67.477806091309	196.12427903781
67.602760314941	147.97017999171
67.727722167969	109.31217820729
67.852676391602	88.735615988534
67.977638244629	98.332342303828
68.102600097656	131.66358260759
68.227554321289	175.70189542489
68.352516174316	222.14056648740
68.477478027344	269.40753125179
68.602432250977	317.50702093859
68.727394104004	366.11575654634
68.852348327637	414.75098637519
68.977310180664	462.93387663078
69.102272033691	511.22389661911
69.227226257324	559.59699068114
69.352188110352	608.05818238503
69.477142333984	656.54478865067
69.602104187012	705.05680424531
69.727066040039	754.46572528916
69.852020263672	803.89215002318
69.976982116699	853.32666699822
70.101943969727	904.27141674216
70.226898193359	955.55371465377
70.351860046387	1006.8394184326
70.476814270020	1060.0348816338
70.601776123047	1114.2751307911
70.726737976074	1168.5164780043
70.851692199707	1224.8349741776
70.976654052734	1283.4200851268
71.101608276367	1342.0070329956
71.226570129395	1402.8928869285
71.351531982422	1468.8614080959
71.476486206055	1534.8438930609
71.601448059082	1600.8460365557
71.726402282715	1666.8580639142
71.851364135742	1747.6650630176
71.976325988770	1829.9717098372
72.101280212402	1912.3227032370
72.226242065430	1994.7219019570
72.351203918457	2077.1591754235
72.476158142090	2159.6250570150
72.601119995117	2270.2100166991
72.726074218750	2387.5119399315
72.851036071777	2504.9172351283
72.975997924805	2622.4059513664
73.100952148438	2739.9596080431
73.225914001465	2857.5841006444
73.350868225098	3013.1335557819
73.475830078125	3184.4144307049
73.600791931152	3355.7482856292
73.725746154785	3527.1166546024
73.850708007812	3715.2778220393
73.975662231445	3941.2235007881
74.100624084473	4167.2075073816
74.225585937500	4398.5100393081
74.350540161133	4663.5085855976
74.475502014160	4929.9049672216
74.600463867188	5197.4697840304
74.725418090820	5424.5861267019
74.850379943848	5659.4990724507
74.975334167480	5902.4639899297
75.100296020508	5785.1697122663
75.225257873535	5585.0227586609
75.350212097168	5393.2540045646
75.475173950195	5179.4431391426
75.600128173828	4950.1206838830
75.725090026855	4721.8032731287
75.850051879883	4512.6401907845
75.975006103516	4324.4057621616
76.099967956543	4136.1601784126
76.224929809570	3964.3374157214
76.349884033203	3831.2649988900
76.474845886230	3698.3146816671
76.599800109863	3565.5175016327
76.724761962891	3432.8738080630
76.849723815918	3348.8038202661
76.974678039551	3270.4013209641
77.099639892578	3192.1571099249
77.224594116211	3114.0929178989
77.349555969238	3036.2125885242
77.474517822266	2958.5358641770
77.599472045898	2908.9775124934
77.724433898926	2866.6694704772
77.849388122559	2824.4611296107
77.974349975586	2782.3516090568
78.099311828613	2740.3483658423
78.224266052246	2698.4591182148
78.349227905273	2668.6525388197
78.474189758301	2644.1800114865
78.599143981934	2619.7649951763
78.724105834961	2595.4058175361
78.849060058594	2573.6837156140
78.974021911621	2558.1945442021
79.098983764648	2542.7441857662
79.223937988281	2528.0902045955
79.348899841309	2518.7212035373
79.473854064941	2509.3841955508
79.598815917969	2500.0785356667
79.723777770996	2495.8201666832
79.848731994629	2491.8123980113
79.973693847656	2487.8321413946
80.098648071289	2487.8135583892
80.223609924316	2488.8719799285
80.348571777344	2489.9582881366
80.473526000977	2494.3214756129
80.598487854004	2500.6957187227
80.723449707031	2507.1011604155
80.848403930664	2516.2377934724
80.973365783691	2528.6717554605
81.098320007324	2541.1433912960
81.223281860352	2556.1197502671
81.348243713379	2577.3353047970
81.473197937012	2598.6068658148
81.598159790039	2619.9350622124
81.723114013672	2641.3165215710
81.848075866699	2677.6104281339
81.973037719727	2715.9499317522
82.097991943359	2754.3934027118
82.222953796387	2792.9412472267
82.347915649414	2831.5867886782
82.472869873047	2870.3235467248
82.597831726074	2935.4626462153
82.722785949707	3008.0862169192
82.847747802734	3080.9060825843
82.972709655762	3153.9041530358
83.097663879395	3227.0642065100
83.222625732422	3300.3838911800
83.347579956055	3409.3895992056
83.472541809082	3535.2030852985
83.597503662109	3661.1675904530
83.722457885742	3787.2603983072
83.847419738770	3928.3833597348
83.972373962402	4107.6905264893
84.097335815430	4287.0087147580
84.222297668457	4470.5503270567
84.347251892090	4687.9569282663
84.472213745117	4906.4030083948
84.597175598145	5125.7451380125
84.722129821777	5307.1683546719
84.847091674805	5494.4992734097
84.972045898438	5689.3869970430
85.097007751465	5548.7232802930
85.221969604492	5316.7403200550
85.346923828125	5093.1547842346
85.471885681152	4849.7858862116
85.596839904785	4590.4065097645
85.721801757812	4332.2687739351
85.846763610840	4091.5405387166
85.971717834473	3871.5577837070
86.096679687500	3651.5867290245
86.221633911133	3445.9249176515
86.346595764160	3278.5129370860
86.471557617188	3111.1371416982
86.596511840820	2943.8137552186
86.721473693848	2776.5300886887
86.846435546875	2654.3384919630
86.971389770508	2538.8482495406
87.096351623535	2423.4109174004
87.221305847168	2308.0493227333
87.346267700195	2192.7605280250
87.471229553223	2077.5650979716
87.596183776855	1988.1550816523
87.721145629883	1906.4556066763
87.846099853516	1824.7910765560
87.971061706543	1743.1562539210
88.096023559570	1661.5608405289
88.220977783203	1580.0160534050
88.345939636230	1508.8106671043
88.470901489258	1442.7379301803
88.595855712891	1376.6798645104
88.720817565918	1310.6299463621
88.845771789551	1246.4856417806
88.970733642578	1187.5072826761
89.095695495605	1128.5313673116
89.220649719238	1069.9783098569
89.345611572266	1015.1908126273
89.470565795898	960.40662776937
89.595527648926	905.61919583533
89.720489501953	853.43328425323
89.845443725586	801.44519845098
89.970405578613	749.45743349827
90.095359802246	698.73203545159
90.220321655273	648.40798612536
90.345283508301	598.10400663624
90.470237731934	548.19904725914
90.595199584961	498.59760684870
90.720161437988	449.07467222968
90.845115661621	399.55635658722
90.970077514648	350.09697633338
91.095031738281	300.96970967903
91.219993591309	252.06838082971
91.344955444336	203.45174459868
91.469909667969	157.17855399849
91.594871520996	116.07701611436
91.719825744629	87.751470112533
91.844787597656	89.745318177526
91.969749450684	122.66119213938
92.094703674316	169.24770540409
92.219665527344	221.02697981001
92.344619750977	275.07766474063
92.469581604004	330.29148130195
92.594543457031	396.30328621745
92.719497680664	465.92352353638
92.844459533691	535.75793180089
92.969421386719	605.72959804148
93.094375610352	675.79173430483
93.219337463379	745.92611924312
93.344291687012	829.55163453804
93.469253540039	920.31538072144
93.594215393066	1011.1144459584
93.719169616699	1101.9345317878
93.844131469727	1198.0233345574
93.969085693359	1309.5537904496
94.094047546387	1421.2058962944
94.219009399414	1534.1589618711
94.343963623047	1660.4776395400
94.468925476074	1787.6332066193
94.593887329102	1915.4525695521
94.718841552734	2028.4032899383
94.843803405762	2143.7281136405
94.968757629395	2262.3461309593
95.093719482422	2251.4231066121
95.218681335449	2199.1774470193
95.343635559082	2149.9478255875
95.468597412109	2093.1278821420
95.593551635742	2029.4286880899
95.718513488770	1965.9870175527
95.843475341797	1909.1599001589
95.968429565430	1861.4028147539
96.093391418457	1813.6582024117
96.218345642090	1771.1843664425
96.343307495117	1744.9225901363
96.468269348145	1718.7662398431
96.593223571777	1692.7216480894
96.718185424805	1666.7910762255
96.843147277832	1658.7223178468
96.968101501465	1654.0033978022
97.093063354492	1649.3822046810
97.218017578125	1644.8603140424
97.342979431152	1640.4380530353
97.467941284180	1636.1162976759
97.592895507812	1642.2043932880
97.717857360840	1651.9079447632
97.842811584473	1661.6613239753
97.967773437500	1671.4648212373
98.092735290527	1681.3166223775
98.217689514160	1691.2156490131
98.342651367188	1705.9908110708
98.467605590820	1723.4921147659
98.592567443848	1741.0212230340
98.717529296875	1758.5766102271
98.842483520508	1777.2249577406
98.967445373535	1799.2566372753
99.092407226562	1821.3078842701
99.217361450195	1843.6372759227
99.342323303223	1869.2844797844
99.467277526855	1894.9477368474
99.592239379883	1920.6294016362
99.717201232910	1949.6784314119
99.842155456543	1979.0952714452
99.967117309570	2008.5310058185
100.09207153320	2041.0490731053
100.21703338623	2074.6848741520
100.34199523926	2108.3398264976
100.46694946289	2144.8373224290
100.59191131592	2183.5042675798
100.71687316895	2222.1962330501
100.84182739258	2263.4038665647
100.96678924561	2308.3801601035
101.09174346924	2353.3878182072
101.21670532227	2400.6867237704
101.34166717529	2455.4916672450
101.46662139893	2510.3481376182
101.59158325195	2565.2592977542
101.71653747559	2620.2157022104
101.84149932861	2692.0896269372
101.96646118164	2767.4793591583
102.09141540527	2842.9700386728
102.21637725830	2918.5631862066
102.34133148193	2994.2421316367
102.46629333496	3070.0092270246
102.59125518799	3176.5937635640
102.71620941162	3294.7121230685
102.84117126465	3413.0226332295
102.96613311768	3531.4994166425
103.09108734131	3650.1189270312
103.21604919434	3768.8816892915
103.34100341797	3928.7015888642
103.46596527100	4112.8637526387
103.59092712402	4297.1488162739
103.71588134766	4481.5293585852
103.84084320068	4681.1180268331
103.96579742432	4931.8001004543
104.09075927734	5182.5039493901
104.21572113037	5435.9995396374
104.34067535400	5733.9479820454
104.46563720703	6033.4082148179
104.59059143066	6334.1311041710
104.71555328369	6589.6512700207
104.84051513672	6849.8746343884
104.96546936035	7119.7876899225
105.09043121338	6997.7588799681
105.21539306641	6731.8275109480
105.34034729004	6476.1397850685
105.46530914307	6198.7580092014
105.59026336670	5898.4976149963
105.71522521973	5599.5914418206
105.84018707275	5320.1705691053
105.96514129639	5069.5865087290
106.09010314941	4818.9940867437
106.21505737305	4582.9667698692
106.34001922607	4398.8089151846
106.46498107910	4214.7524222839
106.58993530273	4030.8212036490
106.71489715576	3847.0094185113
106.83985900879	3716.6967538439
106.96481323242	3598.3261190300
107.08977508545	3480.0909593569
107.21472930908	3362.0209923796
107.33969116211	3244.1182963001
107.46465301514	3126.4102138186
107.58960723877	3038.8908228646
107.71456909180	2963.2882629001
107.83952331543	2887.7769385281
107.96448516846	2812.3540692008
108.08944702148	2737.0328664323
108.21440124512	2661.8259247855
108.33936309814	2599.2172393431
108.46431732178	2544.4768427210
108.58927917480	2489.7825047773
108.71424102783	2435.1412802607
108.83919525146	2382.6637061419
108.96415710449	2337.9050206980
109.08911895752	2293.1791169771
109.21407318115	2248.7854386264
109.33903503418	2210.4080799670
109.46398925781	2172.0571211608
109.58895111084	2133.7294348954
109.71391296387	2099.7989766460
109.83886718750	2066.4936982846
109.96382904053	2033.2068039325
110.08878326416	2002.9186822441
110.21374511719	1973.8588865822
110.33870697021	1944.8163451477
110.46366119385	1917.8136561498
110.58862304688	1892.5304869511
110.71358489990	1867.2643787539
110.83853912354	1843.3470980478
110.96350097656	1821.6702082190
111.08845520020	1800.0140352756
111.21341705322	1779.2861787017
111.33837890625	1762.0877718683
111.46333312988	1744.9164740615
111.58829498291	1727.7706277070
111.71324920654	1710.6533389391
111.83821105957	1699.6523207570
111.96317291260	1690.1666545238
112.08812713623	1680.7305398583
112.21308898926	1671.3437506374
112.33804321289	1662.0084281434
112.46300506592	1652.7240214996
112.58796691895	1653.4420843257
112.71292114258	1658.4401773954
112.83788299561	1663.5405922466
112.96284484863	1668.7422164358
113.08779907227	1674.0437862800
113.21276092529	1679.4448688610
113.33771514893	1697.7449564749
113.46267700195	1724.6173294596
113.58763885498	1751.6042764684
113.71259307861	1778.6988755539
113.83755493164	1810.3080906953
113.96250915527	1859.3912455238
114.08747100830	1908.4930010329
114.21243286133	1958.1405902238
114.33738708496	2023.1516036215
114.46234893799	2088.4497672947
114.58730316162	2154.0008653809
114.71226501465	2205.4926874670
114.83722686768	2257.7382989904
114.96218109131	2312.9491416939
115.08714294434	2245.9077992923
115.21210479736	2127.6519510317
115.33705902100	2013.0017263218
115.46202087402	1892.0003853762
115.58697509766	1763.1356024324
115.71193695068	1634.9960414073
115.83689880371	1512.8238280758
115.96185302734	1399.9797801110
116.08681488037	1287.2249102051
116.21176910400	1178.6206480385
116.33673095703	1086.9076134565
116.46169281006	995.21439346580
116.58664703369	903.55287956393
116.71160888672	811.92069513721
116.83657073975	736.83307575266
116.96152496338	666.11926611777
117.08648681641	595.46878551859
117.21144104004	524.91747447912
117.33640289307	454.50108054426
117.46136474609	384.30034205501
117.58631896973	323.71852588937
117.71128082275	267.97594154598
117.83623504639	213.50711270085
117.96119689941	161.59521955053
118.08615112305	115.74398587838
118.21112060547	86.223760729787
118.33607482910	90.979199951491
118.46102905273	122.14961932055
118.58599853516	164.54937366599
118.71095275879	211.52338070839
118.83590698242	260.35731688601
118.96087646484	309.07917079951
119.08583068848	358.28987070465
119.21078491211	407.80962148483
119.33575439453	457.20831142364
119.46069335938	506.70165237208
119.58566284180	556.28536913493
119.71063232422	606.44623835231
119.83557128906	656.71270791114
119.96054077148	707.01236135962
120.08549499512	758.43958005727
120.21044921875	810.38886369842
120.33541870117	862.34830154130
120.46037292480	915.74012224980
120.58532714844	970.47870171048
120.71029663086	1025.2239101698
120.83525085449	1081.4040609099
120.96020507812	1140.2879588172
121.08517456055	1199.1813776036
121.21012878418	1259.3440122897
121.33508300781	1325.3313078231
121.46005249023	1391.3390956990
121.58500671387	1457.3496274444
121.70996093750	1523.3695273874
121.83493041992	1601.5776855474
121.95988464355	1683.2646331763
122.08483886719	1764.9927769671
122.20980834961	1846.7664934788
122.33474731445	1928.5515880437
122.45971679688	2010.3838692553
122.58468627930	2114.8061401982
122.70962524414	2230.0200129703
122.83459472656	2345.3473919840
122.95956420898	2460.7481536544
123.08450317383	2576.1844867973
123.20947265625	2691.7043444458
123.33442687988	2836.8943729651
123.45938110352	3003.9609435755
123.58435058594	3171.0934808312
123.70930480957	3338.2444351265
123.83425903320	3514.5867988690
123.95922851562	3734.0191957483
124.08418273926	3953.4525398383
124.20913696289	4173.1757797705
124.33410644531	4429.7852488162
124.45906066895	4687.7428791880
124.58401489258	4946.8638695675
124.70898437500	5172.0975616880
124.83393859863	5398.8803381531
124.95889282227	5633.5495838089
125.08386230469	5580.3356477277
125.20881652832	5389.7058348740
125.33377075195	5206.9731594073
125.45874023438	5009.4308748333
125.58367919922	4791.5944089965
125.70864868164	4574.6518159867
125.83361816406	4371.1895346318
125.95855712891	4192.7864140735
126.08352661133	4014.3395932209
126.20848083496	3844.7038068165
126.33343505859	3719.1138293510
126.45840454102	3593.6362710999
126.58335876465	3468.3160104223
126.70831298828	3343.1532376899
126.83328247070	3257.8783141557
126.95823669434	3184.8893464286
127.08319091797	3112.0590037840
127.20816040039	3039.3902762729
127.33311462402	2966.9132797596
127.45806884766	2894.6328216876
127.58303833008	2844.9735410358
127.70799255371	2806.7522070768
127.83294677734	2768.6259324963
127.95791625977	2730.5943974424
128.08287048340	2692.6706607943
128.20782470703	2654.8543441260
128.33277893066	2626.5927625474
128.45774841309	2605.7332263151
128.58270263672	2584.9316246876
128.70765686035	2564.1858002070
128.83262634277	2544.8855880224
128.95758056641	2532.8033839372
129.08253479004	2520.7598032164
129.20750427246	2508.7539116443
129.33245849609	2502.6422870007
129.45741271973	2496.5958932794
129.58236694336	2490.5811230264
129.70733642578	2488.8760731224
129.83229064941	2488.1008370434
129.95724487305	2487.3537878049
130.08221435547	2489.9113660904
130.20716857910	2494.2008442699
130.33212280273	2498.5184647473
130.45709228516	2505.4341112976
130.58204650879	2515.0567329731
130.70700073242	2524.7108935666
130.83197021484	2536.3399354858
130.95692443848	2552.1007491988
131.08187866211	2567.9007830189
131.20683288574	2585.0924872722
131.33180236816	2609.8048810230
131.45675659180	2634.5728243095
131.58171081543	2659.3974306040
131.70668029785	2684.2801424532
131.83163452148	2722.3136591731
131.95658874512	2764.7485942974
132.08155822754	2807.2983182693
132.20651245117	2849.9468792038
132.33146667480	2892.6956675674
132.45643615723	2935.5444413574
132.58139038086	3001.3453394734
132.70634460449	3079.5747960052
132.83129882812	3158.0007624716
132.95626831055	3236.6193444148
133.08122253418	3315.3979265746
133.20617675781	3394.3343781898
133.33114624023	3503.1915933028
133.45610046387	3636.5889452723
133.58105468750	3770.1400984715
133.70602416992	3903.8450950968
133.83097839355	4045.8895134317
133.95593261719	4234.9176609160
134.08090209961	4423.9686026423
134.20585632324	4612.9967727805
134.33081054688	4840.7635616501
134.45576477051	5070.3724986317
134.58073425293	5300.9721164363
134.70568847656	5497.2655700070
134.83064270020	5693.5618332103
134.95561218262	5897.8904026561
135.08056640625	5813.2050594362
135.20552062988	5572.8507744698
135.33049011230	5341.0358037054
135.45544433594	5095.3986476282
135.58039855957	4827.3934888830
135.70535278320	4560.6516463935
135.83032226562	4307.0603220617
135.95527648926	4080.2800899693
136.08023071289	3853.5223946171
136.20520019531	3634.4534978793
136.33015441895	3462.5603484925
136.45510864258	3290.7089083515
136.58007812500	3118.8849486476
136.70503234863	2947.1386150234
136.82998657227	2815.3866868555
136.95495605469	2697.7181036113
137.07991027832	2580.1321306440
137.20486450195	2462.6236643082
137.32981872559	2345.2046183506
137.45478820801	2227.8750775873
137.57974243164	2132.7574915341
137.70469665527	2050.2071693734
137.82966613770	1967.6826697252
137.95462036133	1885.2088975578
138.07957458496	1802.7813326905
138.20454406738	1720.3964213836
138.32949829102	1646.7817359863
138.45445251465	1580.7090088633
138.57942199707	1514.6431835502
138.70437622070	1448.6021054116
138.82933044434	1383.5900170927
138.95428466797	1325.0018751743
139.07925415039	1266.4117315090
139.20420837402	1207.8348631124
139.32916259766	1153.5314134829
139.45413208008	1099.3638507675
139.57908630371	1045.2040352737
139.70404052734	993.48819264125
139.82901000977	942.37786545662
139.95396423340	891.27402663175
140.07891845703	841.39657955507
140.20388793945	792.23189231787
140.32884216309	743.07821084902
140.45379638672	694.38905750749
140.57875061035	646.24646523335
140.70372009277	598.12104435538
140.82867431641	550.06012320732
140.95362854004	502.12443288948
141.07859802246	454.26475995076
141.20355224609	406.41161373321
141.32850646973	358.00723324596
141.45347595215	309.94084366860
141.57843017578	262.41315185583
141.70338439941	215.77063313075
141.82833862305	169.07159503406
141.95330810547	126.59610478640
142.07826232910	95.982729725147
142.20321655273	90.231118805600
142.32818603516	113.20073877663
142.45314025879	152.41324640441
142.57809448242	205.30928086163
142.70306396484	265.51755822616
142.82801818848	327.22123425438
142.95297241211	389.71447509290
143.07794189453	452.67802485400
143.20289611816	515.92723860388
143.32785034180	588.08849027736
143.45280456543	668.35106203389
143.57777404785	748.74069523286
143.70272827148	829.20378237213
143.82768249512	911.75953988421
143.95265197754	1008.9674825209
144.07760620117	1106.3249731237
144.20256042480	1203.8048197994
144.32752990723	1312.4213223347
144.45248413086	1422.3270477343
144.57743835449	1532.8591286970
144.70240783691	1632.8998344450
144.82736206055	1732.9504529535
144.95231628418	1835.8093743315
145.07727050781	1851.8064275194
145.20223999023	1814.9994146308
145.32719421387	1780.5991511494
145.45214843750	1742.0963492577
145.57711791992	1696.3179668006
145.70207214355	1650.7315805653
145.82702636719	1608.9511942465
145.95199584961	1576.4266779206
146.07695007324	1543.9256970611
146.20190429688	1513.4571212225
146.32687377930	1498.6944173845
146.45182800293	1484.0329522060
146.57678222656	1469.4735385907
146.70173645020	1455.0196125046
146.82670593262	1452.9329697559
146.95166015625	1455.8576744495
147.07661437988	1458.8688521600
147.20158386230	1461.9658799802
147.32653808594	1465.1479214745
147.45149230957	1468.4144429229
147.57646179199	1478.7822314998
147.70141601562	1493.6511776864
147.82637023926	1508.5627555044
147.95132446289	1523.5154726886
148.07629394531	1538.5101767084
148.20124816895	1553.5418557421
148.32620239258	1571.7956005533
148.45117187500	1593.1368478035
148.57612609863	1614.4980303284
148.70108032227	1635.8805789081
148.82604980469	1657.7079827041
148.95100402832	1682.9682987040
149.07595825195	1708.2451008422
149.20092773438	1733.5408457695
149.32588195801	1761.8413781066
149.45083618164	1790.3423748400
149.57579040527	1818.8577714180
149.70075988770	1850.0303787900
149.82571411133	1881.9879369165
149.95066833496	1913.9605322436
150.07563781738	1948.3271526546
150.20059204102	1984.2564969570
150.32554626465	2020.2034361371
150.45051574707	2058.2874803251
150.57546997070	2099.1131234961
150.70042419434	2139.9617726700
150.82539367676	2182.5116793961
150.95034790039	2229.6359545571
151.07530212402	2276.7919199846
151.20025634766	2324.9691470045
151.32522583008	2382.0427720436
151.45018005371	2439.1625550634
151.57513427734	2496.3313105731
151.70010375977	2553.5531706976
151.82505798340	2625.1102733945
151.95001220703	2702.8837898593
152.07498168945	2780.7699023531
152.19993591309	2858.7419022327
152.32489013672	2936.8007497505
152.44985961914	3014.9501679005
152.57481384277	3118.2295106328
152.69976806641	3238.4827731786
152.82472229004	3358.9182613106
152.94969177246	3479.5319752036
153.07464599609	3600.2776681691
153.19960021973	3721.1559707287
153.32456970215	3874.4530128417
153.44952392578	4060.5364094313
153.57447814941	4246.7391924098
153.69944763184	4433.0690598670
153.82440185547	4625.8497144559
153.94935607910	4878.3583609709
154.07431030273	5130.8744947847
154.19927978516	5383.4290284801
154.32423400879	5679.6524443123
154.44918823242	5980.7252372378
154.57415771484	6283.1561023332
154.69911193848	6546.7171894911
154.82406616211	6807.4754953227
154.94903564453	7078.1360639728
155.07398986816	7029.9586204563
155.19894409180	6765.0735623333
155.32391357422	6510.2108914820
155.44886779785	6241.7026762105
155.57382202148	5943.5775153765
155.69877624512	5646.7840702337
155.82374572754	5363.3298494980
155.94869995117	5114.9389225954
156.07365417480	4866.5527429388
156.19862365723	4623.9464813236
156.32357788086	4441.8257527870
156.44853210449	4259.8084328465
156.57350158691	4077.8861400718
156.69845581055	3896.1199691285
156.82341003418	3759.2212025878
156.94837951660	3642.7933876744
157.07333374023	3526.5256622571
157.19828796387	3410.4184503369
157.32324218750	3294.4884887632
157.44821166992	3178.7413119388
157.57316589355	3087.8484020068
157.69812011719	3014.4967569844
157.82308959961	2941.2254927518
157.94804382324	2868.0587630632
158.07299804688	2794.9958050662
158.19796752930	2722.0357309481
158.32292175293	2659.0033751697
158.44787597656	2606.4926141882
158.57284545898	2554.0270016585
158.69779968262	2501.6224254427
158.82275390625	2450.1042816487
158.94770812988	2407.7391953010
159.07267761230	2365.4028868376
159.19763183594	2323.1080814948
159.32258605957	2286.7263666458
159.44755554199	2250.9106272218
159.57250976562	2215.1258166260
159.69746398926	2183.1575771525
159.82243347168	2152.4890704166
159.94738769531	2121.8464284129
160.07234191895	2093.6600317977
160.19729614258	2067.2630588978
160.32226562500	2040.8822321821
160.44721984863	2016.0785140725
160.57217407227	1993.5228231050
160.69714355469	1970.9836378559
160.82209777832	1949.3896498260
160.94705200195	1930.6959360729
161.07202148438	1912.0219408251
161.19697570801	1893.7445359383
161.32192993164	1880.1113107476
161.44689941406	1866.5064012220
161.57185363770	1852.9338541376
161.69680786133	1839.3926537220
161.82176208496	1831.7556193294
161.94673156738	1827.0103298862
162.07168579102	1822.3227442394
162.19664001465	1817.6926130860
162.32160949707	1813.1200801710
162.44656372070	1808.6065531395
162.57151794434	1813.4129944607
162.69648742676	1825.2465967383
162.82144165039	1837.1958169262
162.94639587402	1849.2593711869
163.07136535645	1861.4369200776
163.19631958008	1873.7229969103
163.32127380371	1897.7219297578
163.44622802734	1934.8976912266
163.57119750977	1972.2023657825
163.69615173340	2009.6195813503
163.82110595703	2048.9179091962
163.94607543945	2111.7227640383
164.07102966309	2174.5325889073
164.19598388672	2237.3545207915
164.32095336914	2316.6715221482
164.44590759277	2398.1113813924
164.57086181641	2479.8774859885
164.69583129883	2547.6295916023
164.82078552246	2613.4977635605
164.94573974609	2682.8914532596
165.07069396973	2637.4833012716
165.19566345215	2504.8966870464
165.32061767578	2376.3744126185
165.44557189941	2243.5954464553
165.57054138184	2099.1745606113
165.69549560547	1955.5389139429
165.82044982910	1816.6774927987
165.94541931152	1691.0995743841
166.07037353516	1565.6125705130
166.19532775879	1441.7203233553
166.32028198242	1340.8484140829
166.44525146484	1239.9696581787
166.57020568848	1139.1103788138
166.69515991211	1038.2600891552
166.82012939453	953.49044712665
166.94508361816	876.99278269927
167.07003784180	800.51069508025
167.19500732422	724.03982723056
167.31996154785	647.60598685994
167.44491577148	571.21114598000
167.56988525391	503.63556791227
167.69483947754	443.12717207850
167.81979370117	382.85426116988
167.94474792480	322.94868451857
168.06971740723	263.65379839346
168.19467163086	205.51963543232
168.31962585449	153.28260528029
168.44459533691	111.08865142166
168.56954956055	84.456863853877
168.69450378418	88.716675678371
168.81947326660	120.60894097072
168.94442749023	163.52719342222
169.06938171387	210.56461212368
169.19435119629	259.49679796005
169.31930541992	308.91640218885
169.44425964355	358.74546483857
169.56921386719	408.86837632911
169.69418334961	459.45776865590
169.81913757324	510.24740661697
169.94409179688	561.10807508219
170.06906127930	612.79659034539
170.19401550293	665.12759911327
170.31896972656	717.47620902845
170.44393920898	770.81072548301
170.56889343262	825.69004162250
170.69384765625	880.57177828668
170.81881713867	936.29152626470
170.94377136230	995.00882685064
171.06872558594	1053.7263439810
171.19367980957	1112.7635140584
171.31864929199	1178.1322822539
171.44360351562	1243.5003787691
171.56855773926	1308.8749651120
171.69352722168	1374.2626839989
171.81848144531	1449.2555153955
171.94343566895	1529.5038050787
172.06840515137	1609.7949760101
172.19335937500	1690.1046820919
172.31831359863	1770.4385411385
172.44326782227	1850.7938604965
172.56823730469	1948.4670861640
172.69319152832	2060.5708564645
172.81814575195	2172.7488510748
172.94311523438	2285.0035173562
173.06806945801	2397.2985945017
173.19302368164	2509.6408532237
173.31799316406	2643.8204728578
173.44294738770	2805.2652144953
173.56790161133	2966.7483317369
173.69287109375	3128.2834789908
173.81782531738	3292.0116342487
173.94277954102	3503.2923204693
174.06773376465	3714.6043147296
174.19270324707	3925.9692682768
174.31765747070	4168.1468032258
174.44261169434	4415.9674338722
174.56758117676	4664.9676002982
174.69253540039	4886.5099754791
174.81748962402	5103.7914266421
174.94245910645	5328.7451325412
175.06741333008	5334.8387768404
175.19236755371	5155.0782649988
175.31733703613	4982.6893058400
175.44229125977	4802.1961627037
175.56724548340	4597.3429261333
175.69219970703	4393.3592245008
175.81716918945	4197.5456938162
175.94212341309	4030.4188249237
176.06707763672	3863.2921501155
176.19204711914	3697.9096351080
176.31700134277	3581.1721922210
176.44195556641	3464.5623895834
176.56692504883	3348.0790382993
176.69187927246	3231.7655906842
176.81683349609	3146.8437813206
176.94180297852	3080.0401698246
177.06675720215	3013.4010266137
177.19171142578	2946.9287248291
177.31666564941	2880.6345785796
177.44163513184	2814.5238013712
177.56658935547	2765.6545335359
177.69154357910	2731.8296137415
177.81651306152	2698.0936691731
177.94146728516	2664.4583686846
178.06642150879	2630.9233436605
178.19139099121	2597.4884539090
178.31634521484	2571.0147434712
178.44129943848	2553.6452527571
178.56625366211	2536.3291079791
178.69122314453	2519.0654037688
178.81617736816	2502.1120835751
178.94113159180	2493.1729456097
179.06610107422	2484.2701982785
179.19105529785	2475.4062585146
179.31600952148	2471.5521078531
179.44097900391	2468.5204749090
179.56593322754	2465.5199900873
179.69088745117	2466.1896646053
179.81585693359	2468.4888536967
179.94081115723	2470.8156841365
180.06576538086	2475.8808603454
180.19071960449	2483.4148463528
180.31568908691	2490.9773643343
180.44064331055	2500.5291637954
180.56559753418	2513.6274799806
180.69056701660	2526.7592083861
180.81552124023	2541.1104360624
180.94047546387	2560.5701238787
181.06544494629	2580.0719329667
181.19039916992	2599.8101121369
181.31535339355	2628.5140248846
181.44032287598	2657.2814898924
181.56527709961	2686.1031107037
181.69023132324	2714.9814983633
181.81518554688	2755.0744128437
181.94015502930	2802.0767711243
182.06510925293	2849.1856200874
182.19006347656	2896.4017173238
182.31503295898	2943.7252460184
182.43998718262	2991.1402407936
182.56494140625	3057.6034354951
182.68991088867	3141.7802441796
182.81486511230	3226.1489480025
182.93981933594	3310.7039922566
183.06478881836	3395.4423820728
183.18974304199	3480.3301179594
183.31469726562	3588.8857161869
183.43965148926	3730.3493705597
183.56462097168	3871.9849924029
183.68957519531	4013.7417281610
183.81452941895	4156.6311070615
183.93949890137	4355.9568678492
184.06445312500	4555.2579678973
184.18940734863	4754.5600657768
184.31437683105	4988.6856167802
184.43933105469	5230.0463640208
184.56428527832	5472.4455642246
184.68923950195	5684.7340553270
184.81420898438	5890.5063655245
184.93916320801	6104.7254441261
185.06411743164	6081.3194156506
185.18908691406	5832.9059178893
185.31404113770	5593.2707921734
185.43899536133	5346.0216852737
185.56396484375	5069.6764911799
185.68891906738	4794.6314291435
185.81387329102	4528.0594955663
185.93884277344	4294.6233175913
186.06379699707	4061.2351369318
186.18875122070	3828.3630042003
186.31370544434	3651.8848459496
186.43867492676	3475.4320679595
186.56362915039	3299.0557756952
186.68858337402	3122.7435899050
186.81355285645	2980.5243927682
186.93850708008	2860.3079465039
187.06346130371	2740.1673142342
187.18843078613	2620.0972891508
187.31338500977	2500.1401622570
187.43833923340	2380.2958989704
187.56330871582	2278.8923137051
187.68826293945	2195.4088718227
187.81321716309	2111.9665517977
187.93817138672	2028.5700347517
188.06314086914	1945.2151403187
188.18809509277	1861.9292525821
188.31304931641	1785.6819542409
188.43801879883	1719.7096740431
188.56297302246	1653.7639714405
188.68792724609	1587.8388558251
188.81289672852	1521.9646878940
188.93785095215	1463.9656764776
189.06280517578	1405.9748814824
189.18777465820	1347.9860910726
189.31272888184	1293.9077421993
189.43768310547	1240.5949189501
189.56263732910	1187.2851552534
189.68760681152	1136.1294824452
189.81256103516	1086.0522702133
189.93751525879	1035.9752073382
190.06248474121	986.95777384396
190.18743896484	939.01175155126
190.31239318848	891.06618709540
190.43736267090	843.51252531777
190.56231689453	796.76722642732
190.68727111816	750.02719315671
190.81222534180	703.35264596801
190.93719482422	656.98784252148
191.06214904785	610.65000922332
191.18710327148	564.33871963469
191.31207275391	517.52964326478
191.43702697754	470.80285318636
191.56198120117	424.18087607778
191.68695068359	377.69711342750
191.81190490723	329.94950747153
191.93685913086	281.69443390047
192.06182861328	234.29160896516
192.18678283691	188.40127115320
192.31173706055	145.45072168809
192.43669128418	108.97330794810
192.56166076660	88.351113541501
192.68661499023	101.06182831007
192.81156921387	139.16603889261
192.93653869629	187.80137421900
193.06149291992	240.65765691341
193.18644714355	295.48095834250
193.31141662598	356.43229440867
193.43637084961	425.96322777679
193.56132507324	495.94885978635
193.68629455566	566.22919148755
193.81124877930	636.69231518120
193.93620300293	720.20912832810
194.06115722656	804.10588721315
194.18612670898	888.20477257356
194.31108093262	979.79300777396
194.43603515625	1073.6901174304
194.56100463867	1168.2071212957
194.68595886230	1255.8164609499
194.81091308594	1341.9063902675
194.93588256836	1430.3290640588
195.06083679199	1465.3966385631
195.18579101562	1443.9738599342
195.31076049805	1424.3681725053
195.43571472168	1403.0114388589
195.56066894531	1374.5886524163
195.68562316895	1346.2838533863
195.81059265137	1319.6228893295
195.93554687500	1301.6203058072
196.06050109863	1283.6426585115
196.18547058105	1265.6885845527
196.31042480469	1261.4216377953
196.43537902832	1257.4887955065
196.56034851074	1253.6466728024
196.68530273438	1249.8968743620
196.81025695801	1254.1055139084
196.93521118164	1264.0403110638
197.06018066406	1274.0475231336
197.18513488770	1284.1230783050
197.31008911133	1294.2666096722
197.43505859375	1304.4778247490
197.56001281738	1319.0915769854
197.68496704102	1338.4426564094
197.80993652344	1357.8293940672
197.93489074707	1377.2457920168
198.05984497070	1396.6926882590
198.18481445312	1416.1714948315
198.30976867676	1437.6823272632
198.43472290039	1462.5076129639
198.55967712402	1487.3503125277
198.68464660645	1512.2126186001
198.80960083008	1537.0876280423
198.93455505371	1565.2619236777
199.05952453613	1593.5259945062
199.18447875977	1621.7991986862
199.30943298340	1652.3983679097
199.43440246582	1683.5564808838
199.55935668945	1714.7224195439
199.68431091309	1747.9208539964
199.80928039551	1782.2645181595
199.93423461914	1816.6167621826
200.05918884277	1852.7531430495
200.18414306641	1890.8740040054
200.30911254883	1929.0149933858
200.43406677246	1968.5913512647
200.55902099609	2011.4264129933
200.68399047852	2054.2876532058
200.80894470215	2097.9927378945
200.93389892578	2146.9305298574
201.05886840820	2195.9045062294
201.18382263184	2244.9003920163
201.30877685547	2303.2046977726
201.43374633789	2361.8607263928
201.55870056152	2420.5566987407
201.68365478516	2479.2962193099
201.80860900879	2549.4673428387
201.93357849121	2628.3769064236
202.05853271484	2707.3769641110
202.18348693848	2786.4691820294
202.30845642090	2865.6554639049
202.43341064453	2944.9092558255
202.55836486816	3043.6709066956
202.68333435059	3164.7845610798
202.80828857422	3286.0614439453
202.93324279785	3407.4980868031
203.05819702148	3529.0770832261
203.18316650391	3650.7998385691
203.30812072754	3796.2404122742
203.43307495117	3982.8259337559
203.55804443359	4169.5500053286
203.68299865723	4356.3526185888
203.80795288086	4543.2432446113
203.93292236328	4793.4869408220
204.05787658691	5046.0069597781
204.18283081055	5298.5349153259
204.30780029297	5588.2150711732
204.43275451660	5888.7220449904
204.55770874023	6190.5756583895
204.68266296387	6460.3666019020
204.80763244629	6719.7460481725
204.93258666992	6989.0431899269
205.05754089355	7014.3846589895
205.18251037598	6752.2817070880
205.30746459961	6500.0125201132
205.43241882324	6241.8723111638
205.55738830566	5947.7743237929
205.68234252930	5654.9915668317
205.80729675293	5369.4098273641
205.93226623535	5124.7981064931
206.05722045898	4880.2196530254
206.18217468262	4635.6449322378
206.30712890625	4453.9515527030
206.43209838867	4275.2306976899
206.55705261230	4096.6519156897
206.68200683594	3918.2088432065
206.80697631836	3775.8760555873
206.93193054199	3662.4674572155
207.05688476562	3549.2063363578
207.18185424805	3436.0938646285
207.30680847168	3323.1742395049
207.43176269531	3210.4523939051
207.55673217773	3116.8374083589
207.68168640137	3046.0910191280
207.80664062500	2975.4350316400
207.93159484863	2904.8752981516
208.05656433105	2834.4112630169
208.18151855469	2764.0676590707
208.30647277832	2700.9440390539
208.43144226074	2650.9479580334
208.55639648438	2601.0098579468
208.68135070801	2551.1268223949
208.80632019043	2501.2959608809
208.93127441406	2460.9040279669
209.05622863770	2421.0217610870
209.18118286133	2381.1760628993
209.30615234375	2346.4032568635
209.43110656738	2313.0538209514
209.55606079102	2279.7320787712
209.68103027344	2249.6650135688
209.80598449707	2221.6424038457
209.93093872070	2193.6423716707
210.05590820312	2167.6805688276
210.18086242676	2144.2360233196
210.30581665039	2120.8117208432
210.43078613281	2098.5678949696
210.55574035645	2079.3467543596
210.68069458008	2060.1469463762
210.80564880371	2041.4292661854
210.93061828613	2026.4230940174
211.05557250977	2011.4431898671
211.18052673340	1996.4887698252
211.30549621582	1986.6576760662
211.43045043945	1977.1711583456
211.55540466309	1967.7196287133
211.68037414551	1958.3022824336
211.80532836914	1954.1477496621
211.93028259277	1954.4570271857
212.05525207520	1954.8314924963
212.18020629883	1955.2704970417
212.30516052246	1955.7742994529
212.43011474609	1956.3430929307
212.55508422852	1965.1886388065
212.68003845215	1984.5642357835
212.80499267578	2004.0689253598
212.92996215820	2023.7013689545
213.05491638184	2043.4531825818
213.17987060547	2063.3232493152
213.30484008789	2092.9560959115
213.42979431152	2141.5146189244
213.55474853516	2190.2041228576
213.67971801758	2239.0220139177
213.80467224121	2287.9485671616
213.92962646484	2364.2767020998
214.05458068848	2442.3999218736
214.17955017090	2520.5419112888
214.30450439453	2614.8377032909
214.42945861816	2714.3426625207
214.55442810059	2814.2640807507
214.67938232422	2900.8024690897
214.80433654785	2981.8872272403
214.92930603027	3067.0984127434
215.05426025391	3051.9803268440
215.17921447754	2905.1134032979
215.30418395996	2762.7292115778
215.42913818359	2618.7542765469
215.55409240723	2458.4437030354
215.67904663086	2298.9345703543
215.80401611328	2142.2797830567
215.92897033691	2003.6078727323
216.05392456055	1864.9959996854
216.17889404297	1726.4417305166
216.30384826660	1614.1802821962
216.42880249023	1503.9000010846
216.55377197266	1393.6067576982
216.67872619629	1283.3275865590
216.80368041992	1187.7802191544
216.92863464355	1105.3303111466
217.05360412598	1022.8715332307
217.17855834961	940.42410192418
217.30351257324	857.97851093015
217.42848205566	775.52512611857
217.55343627930	700.76974092236
217.67839050293	636.32977856884
217.80335998535	571.93443343945
217.92831420898	507.61926872995
218.05326843262	443.40794191671
218.17823791504	379.34535189656
218.30319213867	318.26889941359
218.42814636230	263.37575194898
218.55310058594	209.53266620039
218.67807006836	157.81205972466
218.80302429199	111.23640116294
218.92797851562	82.135874089780
219.05294799805	83.621400585325
219.17790222168	114.24806813574
219.30285644531	157.66455864637
219.42782592773	205.49770251104
219.55278015137	255.24933668695
219.67773437500	306.11349147062
219.80270385742	357.55457313146
219.92765808105	409.27158080464
220.05261230469	461.63258101871
220.17756652832	514.72432758230
220.30253601074	567.88643928028
220.42749023438	621.62863907401
220.55244445801	676.98887151808
220.67741394043	732.36932612764
220.80236816406	788.04629001147
220.92732238770	846.88958147121
221.05229187012	905.74095902231
221.17724609375	964.58578534332
221.30220031738	1029.0810845837
221.42716979980	1094.1011259639
221.55212402344	1159.1157439537
221.67707824707	1224.1325041512
221.80203247070	1296.3656313729
221.92700195312	1375.3931006806
222.05195617676	1454.4354980371
222.17691040039	1533.4987095469
222.30187988281	1612.5893753479
222.42683410645	1691.6856020319
222.55178833008	1783.2707842026
222.67675781250	1892.5490482889
222.80171203613	2001.8759160826
222.92666625977	2111.2551676397
223.05162048340	2220.6791828347
223.17658996582	2330.1548708774
223.30154418945	2454.2222941485
223.42649841309	2610.3465103231
223.55146789551	2766.5204396392
223.67642211914	2922.7010479627
223.80137634277	3078.9034714866
223.92634582520	3278.1984342221
224.05130004883	3481.6418891776
224.17625427246	3685.1161913471
224.30122375488	3913.3861544448
224.42617797852	4151.3071775051
224.55113220215	4390.3720854955
224.67608642578	4608.0976309293
224.80105590820	4816.1777513513
224.92601013184	5031.6659127466
225.05096435547	5091.5617692826
225.17593383789	4922.3787521109
225.30088806152	4760.1441310466
225.42584228516	4595.6913948977
225.55081176758	4403.4213865125
225.67576599121	4211.9759865377
225.80072021484	4023.8638062514
225.92568969727	3867.5715824141
226.05064392090	3711.2992398506
226.17559814453	3555.0277989759
226.30055236816	3442.0620686093
226.42552185059	3333.8321278444
226.55047607422	3225.7527518805
226.67543029785	3117.8252032184
226.80039978027	3033.6686277149
226.92535400391	2973.0018762197
227.05030822754	2912.4870735786
227.17527770996	2852.1267248287
227.30023193359	2791.9456784223
227.42518615723	2731.9483548890
227.55015563965	2684.3567798613
227.67510986328	2655.1151443152
227.80006408691	2625.9643051968
227.92501831055	2596.9070663262
228.04998779297	2567.9425762872
228.17494201660	2539.0822197267
228.29989624023	2514.8865515869
228.42486572266	2501.4256255136
228.54981994629	2488.0185979317
228.67477416992	2474.6642942877
228.79974365234	2461.3623127640
228.92469787598	2455.1674591963
229.04965209961	2449.8000497855
229.17460632324	2444.4696800614
229.29957580566	2443.1836187334
229.42453002930	2443.4031029239
229.54948425293	2443.6527357026
229.67445373535	2446.7376095308
229.79940795898	2452.0276798964
229.92436218262	2457.3449654157
230.04933166504	2464.6489755065
230.17428588867	2474.9835180287
230.29924011230	2485.3457323986
230.42420959473	2496.9574652337
230.54916381836	2512.7656240599
230.67411804199	2528.6056664384
230.79907226562	2544.8443377136
230.92404174805	2567.0592604626
231.04899597168	2589.3112867508
231.17395019531	2611.6023560187
231.29891967773	2642.2564812847
231.42387390137	2673.9924935303
231.54882812500	2705.7870541807
231.67379760742	2737.6418783512
231.79875183105	2778.6532359186
231.92370605469	2829.2477702758
232.04867553711	2879.9633523342
232.17362976074	2930.7805234024
232.29858398438	2981.7004999084
232.42353820801	3032.7183423358
232.54850769043	3098.4268202263
232.67346191406	3187.3052590706
232.79841613770	3276.3887747860
232.92338562012	3365.6729576724
233.04833984375	3455.1207850735
233.17329406738	3544.7297279879
233.29826354980	3651.0542863180
233.42321777344	3798.7609996615
233.54817199707	3946.6245136635
233.67314147949	4094.6456475733
233.79809570312	4242.7732822462
233.92304992676	4443.3473082025
234.04800415039	4650.6562750203
234.17297363281	4857.9906602399
234.29792785645	5095.5503505529
234.42288208008	5346.0702397233
234.54785156250	5597.7201743825
234.67280578613	5824.1597421636
234.79776000977	6036.9192827087
234.92272949219	6258.5655666751
235.04768371582	6300.2144837816
235.17263793945	6045.1909097240
235.29759216309	5799.0177001732
235.42256164551	5551.8169863602
235.54751586914	5268.9469605643
235.67247009277	4987.3412857138
235.79743957520	4709.0481155431
235.92239379883	4470.6845939973
236.04734802246	4232.3397147160
236.17231750488	3993.9854078713
236.29727172852	3807.2671306567
236.42222595215	3627.8230406149
236.54719543457	3448.4170706213
236.67214965820	3269.1025799760
236.79710388184	3117.4118464571
236.92205810547	2996.0291240730
237.04702758789	2874.7141938192
237.17198181152	2753.5067111087
237.29693603516	2632.4053685502
237.42190551758	2511.4104124887
237.54685974121	2404.5358881847
237.67181396484	2321.0130293459
237.79678344727	2237.5266842389
237.92173767090	2154.1027540894
238.04669189453	2070.7373036752
238.17166137695	1987.4274899213
238.29661560059	1909.0202569107
238.42156982422	1843.4665861455
238.54652404785	1777.9355895888
238.67149353027	1712.4220934782
238.79644775391	1646.9450802013
238.92140197754	1588.6438511169
239.04637145996	1531.3887688162
239.17132568359	1474.1535365076
239.29627990723	1420.4207980883
239.42124938965	1368.1501108263
239.54620361328	1315.8918274667
239.67115783691	1265.5435709086
239.79612731934	1216.8363901068
239.92108154297	1168.1371835308
240.04603576660	1120.3307888931
240.17098999023	1074.0518580440
240.29595947266	1027.7673887354
240.42091369629	981.79300065778
240.54586791992	937.03318325601
240.67083740234	892.26819565555
240.79579162598	847.53304570251
240.92074584961	803.51900001376
241.04571533203	759.50351962088
241.17066955566	715.49812688099
241.29562377930	671.57207980556
241.42057800293	627.67453047822
241.54554748535	583.79308822852
241.67050170898	539.94368650457
241.79545593262	495.47597417112
241.92042541504	450.32927379424
242.04537963867	405.31155102082
242.17033386230	360.46360322921
242.29530334473	315.85227384839
242.42025756836	271.60774710921
242.54521179199	226.39599582753
242.67018127441	179.97610563159
242.79513549805	136.93429986027
242.92008972168	101.64317652167
243.04504394531	84.453528233792
243.17001342773	95.680514810568
243.29496765137	130.04225698908
243.41992187500	180.58803994818
243.54489135742	235.67820829918
243.66984558105	292.74893066651
243.79479980469	350.83832069885
243.91976928711	417.24794268343
244.04472351074	485.53889884492
244.16967773438	554.24427068568
244.29464721680	627.45183426933
244.41960144043	703.28836661681
244.54455566406	779.75455566561
244.66950988770	852.41215452777
244.79447937012	922.94509113104
244.91943359375	995.25778601127
245.04438781738	1040.5248861316
245.16935729980	1035.3444628475
245.29431152344	1031.3926650469
245.41926574707	1027.2027993892
245.54423522949	1017.1222895260
245.66918945312	1007.1008761822
245.79414367676	997.27722728348
245.91911315918	994.65585946896
246.04406738281	992.06442662715
246.16900634766	989.50321018952
246.29397583008	995.47185884971
246.41894531250	1003.0069493197
246.54388427734	1010.6147258843
246.66885375977	1018.2973022321
246.79382324219	1030.4341116447
246.91876220703	1047.9713813999
247.04373168945	1065.5661159266
247.16870117188	1083.2113259182
247.29364013672	1100.9004976146
247.41860961914	1118.6398620161
247.54357910156	1138.7369857479
247.66851806641	1163.1805541161
247.79348754883	1187.6537689405
247.91845703125	1212.1488912418
248.04339599609	1236.6590046660
248.16836547852	1261.1948220057
248.29333496094	1286.7482565667
248.41827392578	1315.3573080827
248.54324340820	1343.9858770767
248.66821289062	1372.6259883004
248.79315185547	1401.2702066998
248.91812133789	1432.2619873474
249.04309082031	1463.6858792916
249.16802978516	1495.1113698132
249.29299926758	1528.2237241529
249.41796875000	1562.1377618797
249.54290771484	1596.0530063884
249.66787719727	1631.4543266175
249.79284667969	1668.2753517169
249.91778564453	1705.0984931028
250.04275512695	1743.1524419106
250.16772460938	1783.5494411264
250.29266357422	1823.9505307468
250.41763305664	1865.1621661587
250.54260253906	1910.1326202996
250.66754150391	1955.1115348952
250.79248046875	2000.1421955593
250.91748046875	2051.1272195580
251.04241943359	2102.1155363248
251.16735839844	2153.1306072051
251.29235839844	2212.1438194002
251.41729736328	2272.7175967247
251.54223632812	2333.3368871494
251.66723632812	2394.0270299555
251.79217529297	2463.4341599211
251.91711425781	2544.1237607449
252.04211425781	2624.9515342423
252.16705322266	2705.8290546131
252.29199218750	2786.7882100666
252.41696166992	2867.8421116516
252.54193115234	2962.8391210903
252.66687011719	3085.4323697829
252.79183959961	3208.2302410533
252.91680908203	3331.1825589628
253.04174804688	3454.2433929534
253.16671752930	3577.4584064799
253.29168701172	3715.7687487674
253.41662597656	3903.2814643039
253.54159545898	4090.9508189151
253.66656494141	4278.7164153012
253.79150390625	4466.5201971640
253.91647338867	4708.7845800754
254.04144287109	4961.9242442429
254.16638183594	5215.0116285389
254.29135131836	5498.9346662850
254.41632080078	5799.6714763084
254.54125976562	6101.7204718198
254.66622924805	6378.5612099177
254.79119873047	6637.2283827038
254.91613769531	6905.8983147465
255.04110717773	7004.0794751929
255.16607666016	6744.7168449003
255.29101562500	6495.0012576232
255.41598510742	6246.8601547709
255.54095458984	5956.6528584077
255.66589355469	5667.7528893729
255.79086303711	5380.2171442944
255.91583251953	5139.0623731566
256.04077148438	4898.3058635382
256.16574096680	4657.4937080418
256.29067993164	4470.6460419811
256.41564941406	4295.3392534134
256.54061889648	4120.1544273632
256.66555786133	3945.1507386499
256.79052734375	3797.4863972047
256.91549682617	3686.9275714437
257.04043579102	3576.5457279271
257.16540527344	3466.3021163050
257.29037475586	3356.2389407272
257.41531372070	3246.4023254397
257.54028320312	3150.0569594147
257.66525268555	3081.8048177087
257.79019165039	3013.6619675981
257.91516113281	2945.6011664731
258.04013061523	2877.6465171073
258.16506958008	2809.8217006982
258.29003906250	2746.5498410120
258.41500854492	2699.0806049008
258.53994750977	2651.6762834153
258.66491699219	2604.3171921733
258.78988647461	2557.0179177136
258.91482543945	2517.8697096556
259.03979492188	2480.5186758792
259.16473388672	2443.2147099681
259.28970336914	2410.1020838849
259.41467285156	2379.2395265254
259.53961181641	2348.4135660392
259.66458129883	2320.1212011629
259.78955078125	2294.5309171044
259.91448974609	2268.9708066575
260.03945922852	2244.8485855652
260.16442871094	2223.8262309667
260.28936767578	2202.8305967316
260.41433715820	2182.4807677227
260.53930664062	2165.7833757185
260.66424560547	2149.1132299443
260.78921508789	2132.4628198385
260.91418457031	2120.1401909711
261.03912353516	2107.9377932321
261.16409301758	2095.7601485354
261.28906250000	2088.4126790316
261.41400146484	2082.2208936244
261.53897094727	2076.0662399541
261.66394042969	2069.9502351702
261.78887939453	2068.3197054586
261.91384887695	2073.1205281183
262.03881835938	2077.9928974347
262.16375732422	2082.9354075527
262.28872680664	2087.9493428814
262.41366577148	2093.0321294351
262.53863525391	2104.5972453409
262.66360473633	2130.6095666340
262.78854370117	2156.7570411724
262.91351318359	2183.0468455362
263.03848266602	2209.4681205456
263.16342163086	2236.0100898158
263.28839111328	2269.2309334549
263.41336059570	2327.6323626419
263.53829956055	2386.1578813429
263.66326904297	2444.8260590804
263.78823852539	2503.6132811359
263.91317749023	2588.5668885032
264.03814697266	2679.7839116765
264.16311645508	2771.0078644412
264.28805541992	2877.1032783023
264.41302490234	2992.0767885750
264.53799438477	3107.5324190421
264.66293334961	3211.2895490480
264.78790283203	3305.2820097343
264.91287231445	3403.9608693986
265.03781127930	3426.0176137224
265.16278076172	3265.9252600235
265.28771972656	3110.7721835396
265.41268920898	2957.4699465628
265.53765869141	2782.8846504139
265.66259765625	2609.1793054312
265.78756713867	2436.4479051947
265.91253662109	2285.3260297463
266.03747558594	2135.0237281538
266.16244506836	1984.7477518817
266.28741455078	1859.6385990712
266.41235351562	1740.9158922294
266.53732299805	1622.1646679812
266.66229248047	1503.4138381219
266.78723144531	1397.1107363618
266.91220092773	1309.5780250063
267.03717041016	1222.0460469484
267.16210937500	1134.5357914514
267.28707885742	1047.0050828167
267.41204833984	959.47523561098
267.53698730469	877.96217766414
267.66195678711	810.69301120821
267.78692626953	743.43661854572
267.91186523438	676.21306218948
268.03683471680	608.99490605144
268.16180419922	541.80676257860
268.28674316406	476.48848603405
268.41171264648	418.78373806731
268.53665161133	361.30135868537
268.66162109375	304.13154918291
268.78659057617	247.51480014218
268.91152954102	195.17751881250
269.03649902344	146.08610028462
269.16146850586	102.98247095848
269.28640747070	77.925714005449
269.41137695312	85.962724072832
269.53634643555	119.93553463613
269.66128540039	164.61381728175
269.78625488281	213.23720471876
269.91122436523	263.47588936274
270.03616333008	314.81450199894
270.16113281250	367.26086830123
270.28610229492	419.95003755238
270.41104125977	473.02527555221
270.53601074219	527.92828383296
270.66098022461	582.88408835148
270.78591918945	637.86542298048
270.91088867188	695.96944944248
271.03585815430	754.23453295786
271.16079711914	812.49263561781
271.28576660156	875.33496710220
271.41070556641	939.41330928995
271.53567504883	1003.5074648320
271.66064453125	1067.6015416769
271.78558349609	1136.6919549230
271.91055297852	1213.8297972601
272.03552246094	1290.9834092828
272.16046142578	1368.1311202297
272.28543090820	1445.3088380576
272.41040039062	1522.4958896880
272.53533935547	1607.5866525901
272.66030883789	1712.8100529590
272.78527832031	1818.0837769986
272.91021728516	1923.3738297243
273.03518676758	2028.7249838597
273.16015625000	2134.1067482931
273.28509521484	2247.3784679232
273.41006469727	2396.4161373640
273.53503417969	2545.4777358542
273.65997314453	2694.5229019387
273.78494262695	2843.6218823822
273.90991210938	3027.1638116603
274.03485107422	3220.3530212675
274.15982055664	3413.6237019712
274.28479003906	3625.9291378401
274.40972900391	3851.2490560191
274.53469848633	4077.7372712187
274.65963745117	4288.7857558993
274.78460693359	4485.4420125321
274.90957641602	4689.1962754507
275.03451538086	4796.2770602542
275.15948486328	4639.7677563692
275.28445434570	4489.6367943029
275.40939331055	4342.4706196892
275.53436279297	4165.0147617796
275.65933227539	3988.2792617724
275.78427124023	3812.4058470766
275.90924072266	3666.8105831888
276.03421020508	3523.1238970581
276.15914916992	3379.4743644299
276.28411865234	3270.3742229340
276.40908813477	3171.6154333696
276.53402709961	3073.0149190507
276.65899658203	2974.5373746799
276.78396606445	2892.6048471687
276.90890502930	2838.5306368365
277.03387451172	2784.5894717931
277.15884399414	2730.8029458601
277.28378295898	2677.1931698653
277.40875244141	2623.7443287135
277.53369140625	2578.2289041934
277.65866088867	2553.7812832445
277.78363037109	2529.4198890797
277.90856933594	2505.1535990838
278.03353881836	2480.9732671854
278.15850830078	2456.8867575935
278.28344726562	2435.3103989343
278.40841674805	2425.7381057940
278.53338623047	2416.2152783524
278.65832519531	2406.7452823812
278.78329467773	2397.3238819967
278.90826416016	2393.7501469750
279.03320312500	2391.9672760860
279.15817260742	2390.2191975695
279.28314208984	2391.7348519385
279.40808105469	2395.4368930735
279.53305053711	2399.1686605985
279.65802001953	2405.0595248198
279.78295898438	2413.7818475954
279.90792846680	2422.5328493904
280.03289794922	2432.6123743580
280.15783691406	2446.3611185275
280.28280639648	2460.1403204943
280.40777587891	2474.4605461830
280.53271484375	2493.7053833145
280.65768432617	2512.9862949844
280.78262329102	2532.2936691801
280.90759277344	2557.5457219051
281.03256225586	2583.3055651179
281.15750122070	2609.0981015034
281.28247070312	2642.1630084738
281.40744018555	2677.5885065372
281.53237915039	2713.0653595180
281.65734863281	2748.6081921664
281.78231811523	2791.0225209563
281.90725708008	2845.7219253636
282.03222656250	2900.5523662512
282.15719604492	2955.4942751477
282.28213500977	3010.5277100299
282.40710449219	3065.6739588983
282.53207397461	3130.8641974643
282.65701293945	3225.0234140263
282.78198242188	3319.4163656649
282.90695190430	3414.0023344945
283.03189086914	3508.7430050836
283.15686035156	3603.6701899298
283.28182983398	3707.9996696247
283.40676879883	3862.9524977295
283.53173828125	4018.1004633412
283.65667724609	4173.3501455623
283.78164672852	4328.7627213144
283.90661621094	4530.1643394501
284.03155517578	4746.4482872441
284.15652465820	4962.7862075803
284.28149414062	5204.5072446966
284.40643310547	5465.1271830678
284.53140258789	5726.9834929528
284.65637207031	5969.0858848624
284.78131103516	6189.7173016982
284.90628051758	6419.6957103244
285.03125000000	6531.0495174390
285.15618896484	6269.7557139736
285.28115844727	6017.3576909208
285.40612792969	5770.7937641442
285.53106689453	5481.6714646397
285.65603637695	5193.7365469029
285.78100585938	4907.2814111157
285.90594482422	4660.4159260986
286.03091430664	4417.1498209826
286.15588378906	4173.9009820794
286.28082275391	3975.7749750402
286.40579223633	3793.0362364397
286.53076171875	3610.3638014528
286.65570068359	3427.8128252248
286.78067016602	3265.8797317304
286.90560913086	3143.0706644931
287.03057861328	3020.3212865243
287.15554809570	2897.6735888127
287.28048706055	2775.1707403736
287.40545654297	2652.7687098009
287.53042602539	2539.8430089077
287.65536499023	2456.0088948250
287.78033447266	2372.2062448565
287.90530395508	2288.4612475506
288.03024291992	2204.8011651178
288.15521240234	2121.1924543972
288.28018188477	2040.2451768918
288.40512084961	1975.0070976687
288.53009033203	1909.7793432408
288.65505981445	1844.5805477845
288.77999877930	1779.4300903704
288.90496826172	1720.5860013379
289.02993774414	1663.9517826654
289.15487670898	1607.3470283635
289.27984619141	1553.6934243089
289.40481567383	1502.2453394402
289.52975463867	1450.8181435758
289.65472412109	1400.8882151624
289.77966308594	1353.1789817665
289.90463256836	1305.4618310144
290.02960205078	1258.3783227354
290.15454101562	1213.3356250049
290.27951049805	1168.2833254064
290.40447998047	1123.3585562914
290.52941894531	1080.1566918879
290.65438842773	1036.9444845632
290.77935791016	993.73253329955
290.90429687500	951.57553286411
291.02926635742	909.52372717485
291.15423583984	867.47212054887
291.27917480469	825.88174483313
291.40414428711	784.44845783899
291.52911376953	743.01809426144
291.65405273438	701.60156140403
291.77902221680	659.99070459774
291.90399169922	618.01420042314
292.02893066406	576.06827567913
292.15390014648	534.13723362243
292.27886962891	492.23784616873
292.40380859375	450.38905754355
292.52877807617	407.97398790396
292.65374755859	363.64275908442
292.77868652344	319.52467126025
292.90365600586	275.69531368121
293.02859497070	232.34566880272
293.15356445312	189.77627470708
293.27853393555	148.13529242791
293.40347290039	106.85494889634
293.52844238281	77.281625112277
293.65341186523	74.904356111057
293.77835083008	101.64076523005
293.90332031250	145.08416012432
294.02828979492	195.68347822752
294.15322875977	248.76454615715
294.27819824219	304.76658603466
294.40316772461	363.41198229878
294.52810668945	422.95454667651
294.65307617188	480.97357887650
294.77804565430	537.05491347309
294.90298461914	594.45762784110
295.02795410156	641.84100052113
295.15292358398	651.75907640412
295.27786254883	662.38123011842
295.40283203125	673.42107524153
295.52780151367	680.37971152523
295.65274047852	687.35252718523
295.77770996094	694.34264035812
295.90264892578	705.49928332385
296.02761840820	717.21742382017
296.15258789062	728.96651853959
296.27752685547	745.23353284231
296.40249633789	763.31143872620
296.52746582031	781.44176715072
296.65240478516	799.61651294648
296.77737426758	819.79890432796
296.90234375000	844.19975753452
297.02728271484	868.62704241602
297.15225219727	893.09020743810
297.27722167969	917.58075237422
297.40216064453	942.09064009759
297.52713012695	967.56837687217
297.65209960938	996.44825373585
297.77703857422	1025.3347415571
297.90200805664	1054.2407397105
298.02697753906	1083.1582392918
298.15191650391	1112.0793848665
298.27688598633	1141.3635575543
298.40185546875	1173.3140961557
298.52679443359	1205.2645808875
298.65176391602	1237.2301678426
298.77673339844	1269.2023768565
298.90167236328	1302.7622450669
299.02664184570	1336.9700650076
299.15158081055	1371.1759754141
299.27655029297	1406.5593152811
299.40151977539	1442.9139016138
299.52645874023	1479.2667427289
299.65142822266	1516.6245471766
299.77639770508	1555.6144398354
299.90133666992	1594.6034913516
300.02630615234	1634.3129644688
300.15127563477	1676.6690824756
300.27621459961	1719.0266542235
300.40118408203	1761.5885863847
300.52615356445	1808.3189934697
300.65109252930	1855.0548256806
300.77606201172	1901.8178129369
300.90103149414	1953.5997969248
301.02597045898	2006.1135380214
301.15093994141	2058.6638341779
301.27590942383	2117.7171773349
301.40084838867	2179.4963207286
301.52581787109	2241.3322634657
301.65078735352	2303.2072673119
301.77572631836	2371.0461735789
301.90069580078	2452.4758654118
302.02563476562	2533.9795348525
302.15060424805	2615.5880758711
302.27557373047	2697.2742990071
302.40051269531	2779.0111009009
302.52548217773	2869.1430064183
302.65045166016	2991.8580916406
302.77539062500	3114.7115191000
302.90036010742	3237.7443382604
303.02532958984	3360.9101675457
303.15026855469	3484.1647897742
303.27523803711	3613.9929842472
303.40020751953	3800.5507141256
303.52514648438	3987.1697459262
303.65011596680	4173.9264900998
303.77508544922	4360.7642168358
303.90002441406	4592.6458806397
304.02499389648	4843.7200423241
304.14996337891	5094.8054165958
304.27490234375	5370.0609486883
304.39987182617	5667.7861367313
304.52484130859	5966.9170892953
304.64978027344	6247.7507187304
304.77474975586	6502.8626240472
304.89971923828	6768.0655191734
305.02465820312	6936.0772900061
305.14962768555	6681.0994059810
305.27456665039	6435.4749942977
305.39953613281	6198.5927463180
305.52450561523	5914.3179889501
305.64944458008	5631.2965765470
305.77441406250	5349.5779227586
305.89938354492	5107.8744917623
306.02432250977	4872.5470952719
306.14929199219	4637.1647124713
306.27426147461	4446.5035688767
306.39920043945	4275.8068622640
306.52416992188	4105.1912058989
306.64913940430	3934.7150689948
306.77407836914	3782.9568096384
306.89904785156	3676.0891912590
307.02401733398	3569.3724763292
307.14895629883	3462.8462213986
307.27392578125	3356.4743210975
307.39889526367	3250.3003807430
307.52383422852	3152.1589977475
307.64880371094	3087.1874440649
307.77377319336	3022.3086607659
307.89871215820	2957.5450542424
308.02368164062	2892.8714086729
308.14862060547	2828.3265593785
308.27359008789	2765.6451383594
308.39855957031	2721.0718314602
308.52349853516	2676.5639366918
308.64846801758	2632.1020839987
308.77343750000	2587.7001572746
308.89837646484	2550.1223490634
309.02334594727	2515.6274246284
309.14831542969	2481.1706262080
309.27325439453	2450.1421684189
309.39822387695	2422.2512607833
309.52319335938	2394.3900637971
309.64813232422	2368.4586311038
309.77310180664	2346.0252043559
309.89807128906	2323.6168532113
310.02301025391	2302.1043836268
310.14797973633	2284.4423198178
310.27294921875	2266.8042126027
310.39788818359	2249.2650863442
310.52285766602	2236.1328517777
310.64782714844	2223.0253866930
310.77276611328	2209.9470314708
310.89773559570	2200.8264997095
311.02270507812	2192.4417716594
311.14764404297	2184.0896204140
311.27261352539	2180.0757959493
311.39755249023	2178.1353234110
311.52252197266	2176.2364208948
311.64749145508	2174.3806090504
311.77243041992	2175.8613841406
311.89739990234	2185.9057376559
312.02236938477	2196.0292271645
312.14730834961	2206.2286110211
312.27227783203	2216.5078187284
312.39724731445	2226.8629200670
312.52218627930	2241.3835133698
312.64715576172	2274.9920464522
312.77212524414	2308.7547180885
312.89706420898	2342.6560800607
313.02203369141	2376.7068968291
313.14700317383	2410.8924395997
313.27194213867	2447.8584212907
313.39691162109	2517.4432820918
313.52188110352	2587.1728469328
313.64682006836	2657.0182969621
313.77178955078	2727.0042104278
313.89675903320	2821.2836176059
314.02169799805	2927.1645870461
314.14666748047	3033.0764385852
314.27160644531	3151.9564861116
314.39657592773	3283.9575408414
314.52154541016	3416.5256461078
314.64648437500	3539.7050397859
314.77145385742	3647.6706281136
314.89642333984	3760.9364182852
315.02136230469	3828.2450321630
315.14633178711	3654.0770094428
315.27130126953	3485.2191025600
315.39624023438	3322.4378974961
315.52120971680	3132.6390817622
315.64617919922	2943.7124578312
315.77111816406	2755.8834079212
315.89608764648	2589.0510185432
316.02105712891	2426.2871035607
316.14599609375	2263.6156384846
316.27096557617	2124.3398455340
316.39593505859	1996.7760670194
316.52087402344	1869.2465627449
316.64584350586	1741.6895436833
316.77081298828	1623.3829017880
316.89575195312	1530.5611103707
317.02072143555	1437.7215681968
317.14569091797	1344.8881831714
317.27062988281	1252.0846874754
317.39559936523	1159.2679532067
317.52053833008	1070.1657454359
317.64550781250	999.76186437353
317.77047729492	929.35904429308
317.89541625977	858.97474121231
318.02038574219	788.57490800965
318.14535522461	718.17730064252
318.27029418945	648.43699760435
318.39526367188	588.26082756142
318.52023315430	528.13565387145
318.64517211914	468.09579264956
318.77014160156	408.14310468944
318.89511108398	351.31159324352
319.02005004883	296.33964693327
319.14501953125	241.93995931386
319.26998901367	189.88758845856
319.39492797852	141.63443504612
319.51989746094	99.679738400038
319.64486694336	75.985800046955
319.76980590820	86.844261831025
319.89477539062	122.49433322736
320.01974487305	167.97137147641
320.14468383789	217.77503137976
320.26965332031	269.07680273973
320.39459228516	321.14062279697
320.51956176758	375.40110365673
320.64453125000	429.90300735701
320.76947021484	484.53907160737
320.89443969727	541.71383752726
321.01940917969	599.46375384273
321.14434814453	657.23321254903
321.26931762695	718.54977632802
321.39428710938	781.73530015166
321.51922607422	844.90839903405
321.64419555664	908.09942669023
321.76916503906	974.39531875328
321.89410400391	1049.8284002087
322.01907348633	1125.2865942120
322.14404296875	1200.7506010349
322.26898193359	1276.2005766862
322.39395141602	1351.6728606138
322.51892089844	1431.1344706663
322.64385986328	1532.9378885099
322.76882934570	1634.8028064308
322.89379882812	1736.6976658069
323.01873779297	1838.5927412298
323.14370727539	1940.5336332579
323.26867675781	2044.5050294980
323.39361572266	2187.0407874099
323.51858520508	2329.6280166617
323.64352416992	2472.1942029277
323.76849365234	2614.8067370290
323.89346313477	2784.2245099011
324.01840209961	2968.1091637798
324.14337158203	3152.0781528131
324.26834106445	3350.0228099324
324.39328002930	3563.9081817997
324.51824951172	3778.9430103470
324.64321899414	3983.9803476781
324.76815795898	4170.2610257145
324.89312744141	4363.3885673255
325.01809692383	4511.9450231895
325.14303588867	4367.7199819985
325.26800537109	4229.3440797010
325.39297485352	4097.4516303313
325.51791381836	3935.0254490071
325.64288330078	3772.3821673608
325.76785278320	3610.4750924228
325.89279174805	3473.2304624136
326.01776123047	3341.6736643936
326.14273071289	3210.1195250080
326.26766967773	3105.5186705962
326.39263916016	3016.1246376351
326.51757812500	2926.8839084232
326.64254760742	2837.7657617473
326.76751708984	2758.6950291674
326.89245605469	2711.0908741667
327.01742553711	2663.6170947459
327.14239501953	2616.2933489126
327.26733398438	2569.1389525854
327.39230346680	2522.1401625197
327.51727294922	2478.9992818151
327.64221191406	2458.9427133044
327.76718139648	2438.9645500783
327.89215087891	2419.0715434782
328.01708984375	2399.2704164672
328.14205932617	2379.5541130960
328.26702880859	2360.4258836116
328.39196777344	2354.5228737564
328.51693725586	2348.6655300771
328.64190673828	2342.8555434847
328.76684570312	2337.0950480656
328.89181518555	2335.9809897829
329.01678466797	2337.5335360850
329.14172363281	2339.1190600820
329.26669311523	2343.1545705807
329.39166259766	2349.9669994380
329.51660156250	2356.8054719212
329.64157104492	2365.0999590430
329.76651000977	2376.7487432450
329.89147949219	2388.4259851730
330.01644897461	2400.7660516668
330.14138793945	2417.3331056839
330.26635742188	2433.9311108888
330.39132690430	2450.5555945754
330.51626586914	2472.4081646696
330.64123535156	2494.4955048369
330.76620483398	2516.6136656135
330.89114379883	2543.8648545625
331.01611328125	2572.4766650005
331.14108276367	2601.1280534275
331.26602172852	2635.8360204254
331.39099121094	2674.1951471233
331.51596069336	2712.6138026614
331.64089965820	2751.0802534311
331.76586914062	2793.9648103117
331.89083862305	2851.7823615622
332.01577758789	2909.7040136261
332.14074707031	2967.7511561408
332.26571655273	3025.9035927194
332.39065551758	3084.1410102572
332.51562500000	3147.4383218825
332.64056396484	3245.5362250276
332.76553344727	3343.8708590783
332.89050292969	3442.4000277591
333.01544189453	3541.0833148961
333.14041137695	3639.9545169011
333.26538085938	3740.3951356136
333.39031982422	3900.6882055449
333.51528930664	4061.1780263329
333.64025878906	4221.8072515364
333.76519775391	4382.5217131338
333.89016723633	4582.0563572222
334.01513671875	4805.0155656568
334.14007568359	5027.9213273390
334.26504516602	5270.8978434858
334.39001464844	5538.8886583518
334.51495361328	5808.0439727666
334.63992309570	6063.5907616104
334.76489257812	6289.5492125785
334.88983154297	6525.0879116480
335.01480102539	6707.9089858824
335.13977050781	6441.8199054188
335.26470947266	6184.7803761971
335.38967895508	5937.8318373379
335.51464843750	5646.9593941768
335.63958740234	5354.7685820773
335.76455688477	5063.9655801489
335.88949584961	4808.1986213871
336.01446533203	4561.8435705252
336.13943481445	4315.5039476872
336.26437377930	4107.1811776985
336.38934326172	3922.7360164113
336.51431274414	3738.3616706866
336.63925170898	3554.1144773695
336.76422119141	3382.9176063563
336.88919067383	3259.6544530005
337.01412963867	3136.5171587346
337.13909912109	3013.4568688641
337.26406860352	2890.5175852743
337.38900756836	2767.7456287914
337.51397705078	2649.4799256720
337.63894653320	2566.1038802355
337.76388549805	2482.8040328842
337.88885498047	2399.5457507891
338.01382446289	2316.3567041199
338.13876342773	2233.2640328890
338.26373291016	2150.4237403250
338.38870239258	2086.1591213645
338.51364135742	2021.9401123100
338.63861083984	1957.7378300886
338.76354980469	1893.5871278176
338.88851928711	1834.8251591142
339.01348876953	1779.5184733764
339.13842773438	1724.2439840524
339.26339721680	1671.3651145734
339.38836669922	1621.5208113516
339.51330566406	1571.7001512880
339.63827514648	1522.9564182064
339.76324462891	1477.0814378404
339.88818359375	1431.2243718115
340.01315307617	1385.6642323760
340.13812255859	1342.6667869670
340.26306152344	1299.6835038488
340.38803100586	1256.6938168564
340.51300048828	1215.6283791354
340.63793945312	1174.7038823029
340.76290893555	1133.7714094613
340.88787841797	1093.9678050288
341.01281738281	1054.5131391415
341.13778686523	1015.0496396003
341.26275634766	976.30660233783
341.38769531250	938.05141475717
341.51266479492	899.78698312849
341.63763427734	861.52259640593
341.76257324219	823.41416821015
341.88754272461	785.88113296528
342.01248168945	748.35793367442
342.13745117188	710.82616642557
342.26242065430	673.29515516266
342.38735961914	635.77418803801
342.51232910156	598.19707920925
342.63729858398	560.18460954548
342.76223754883	522.18829573053
342.88720703125	484.19126158950
343.01217651367	446.20491744676
343.13711547852	408.24147170617
343.26208496094	370.28664751898
343.38705444336	331.09678390496
343.51199340820	291.96575490603
343.63696289062	252.90319275087
343.76193237305	213.96144832524
343.88687133789	174.12440379299
344.01184082031	133.91676464811
344.13681030273	94.592797215898
344.26174926758	56.819822114487
344.38671875000	30.714799933685
344.51168823242	48.573270802540
344.63662719727	85.807613341330
344.76159667969	125.39943935579
344.88653564453	166.56446012013
345.01150512695	206.93967015019
345.13647460938	233.36346157249
345.26141357422	259.97845574309
345.38638305664	286.74260356459
345.51135253906	312.37071008061
345.63629150391	337.89394433792
345.76126098633	363.42353365507
345.88623046875	390.21089015897
346.01116943359	417.41347973641
346.13613891602	444.63739921705
346.26110839844	473.11812224436
346.38604736328	502.48051026240
346.51101684570	531.86376240628
346.63598632812	561.25868386884
346.76092529297	591.06815412575
346.88589477539	622.68026083024
347.01086425781	654.29933478344
347.13580322266	685.91672314861
347.26077270508	717.54700957854
347.38574218750	749.18184620207
347.51068115234	780.97647317577
347.63565063477	814.53187374807
347.76062011719	848.09074055443
347.88555908203	881.64444051238
348.01052856445	915.20894654016
348.13546752930	948.76766787480
348.26043701172	982.33684884082
348.38540649414	1017.5611760259
348.51034545898	1052.8072966374
348.63531494141	1088.0645888034
348.76028442383	1123.3243746556
348.88522338867	1159.5346766533
349.01019287109	1196.4398191031
349.13516235352	1233.3482641902
349.26010131836	1271.0061216200
349.38507080078	1309.7414788916
349.51004028320	1348.4811745343
349.63497924805	1387.8056501686
349.75994873047	1428.9431599857
349.88491821289	1470.0869599190
350.00985717773	1511.4753527335
350.13482666016	1555.7891314995
350.25979614258	1600.1124215098
350.38473510742	1644.4335350442
350.50970458984	1692.6054586714
350.63467407227	1741.1679923044
350.75961303711	1789.7320220177
350.88458251953	1842.4929688827
351.00952148438	1896.7081307863
351.13449096680	1950.9580630304
351.25946044922	2010.4331363550
351.38439941406	2073.7878003461
351.50936889648	2137.1971221404
351.63433837891	2200.6420367709
351.75927734375	2267.4292443481
351.88424682617	2350.0737123108
352.00921630859	2432.8080894294
352.13415527344	2515.6035174551
352.25912475586	2598.4922082022
352.38409423828	2681.4476376298
352.50903320312	2767.3345884285
352.63400268555	2890.4751626049
352.75897216797	3013.7788361872
352.88391113281	3137.1956370643
353.00888061523	3260.7700338121
353.13385009766	3384.4578344013
353.25878906250	3508.2166624916
353.38375854492	3692.6859555717
353.50872802734	3879.0998776608
353.63366699219	4065.5551476306
353.75863647461	4252.1312895429
353.88360595703	4474.8886293130
354.00854492188	4724.8050455021
354.13351440430	4974.7961698985
354.25845336914	5242.6496770860
354.38342285156	5538.3640365367
354.50839233398	5835.5139511035
354.63333129883	6121.3691686342
354.75830078125	6373.8059920351
354.88327026367	6636.3833907870
355.00820922852	6873.0427132940
355.13317871094	6622.6352269275
355.25814819336	6381.2532217106
355.38308715820	6150.0164723506
355.50805664062	5877.0868721364
355.63302612305	5599.7933641636
355.75796508789	5323.8800998315
355.88293457031	5081.5768227690
356.00790405273	4851.4216841491
356.13284301758	4621.3240474387
356.25781250000	4426.8587631421
356.38278198242	4260.3877599661
356.50772094727	4094.0819250310
356.63269042969	3927.8750668121
356.75765991211	3771.8935387365
356.88259887695	3668.4838035133
357.00756835938	3565.2001602949
357.13250732422	3462.1060080459
357.25747680664	3359.1667012091
357.38244628906	3256.4239693736
357.50738525391	3156.3060899122
357.63235473633	3094.2690195277
357.75732421875	3032.3250944904
357.88226318359	2970.4951999601
358.00723266602	2908.7554963104
358.13220214844	2847.1279237329
358.25714111328	2785.6351468989
358.38211059570	2743.0865997011
358.50708007812	2701.4349449929
358.63201904297	2659.8509294974
358.75698852539	2618.3166584311
358.88195800781	2582.2780667055
359.00689697266	2550.6072717313
359.13186645508	2518.9678518228
359.25683593750	2489.8745210980
359.38177490234	2464.7550416512
359.50674438477	2439.6600013788
359.63171386719	2415.7815293089
359.75665283203	2396.1130156313
359.88162231445	2376.4658318798
360.00659179688	2357.0980187646
360.13153076172	2342.3012275347
360.25650024414	2327.5260983068
360.38143920898	2312.7789818058
360.50640869141	2302.2076853181
360.63137817383	2292.2065943941
360.75631713867	2282.2342899588
360.88128662109	2275.8569431771
361.00625610352	2270.9252435282
361.13119506836	2266.0264651713
361.25616455078	2264.8889468141
361.38113403320	2266.8710265116
361.50607299805	2268.8977212287
361.63104248047	2270.9698002970
361.75601196289	2274.9383066363
361.88095092773	2289.6304743631
362.00592041016	2304.4125102903
362.13088989258	2319.2782287177
362.25582885742	2334.2228582898
362.38079833984	2349.2521047587
362.50576782227	2365.5075021398
362.63070678711	2405.5735143864
362.75567626953	2445.8145097903
362.88064575195	2486.2132390682
363.00558471680	2526.7518107196
363.13055419922	2567.4430385129
363.25549316406	2608.2604891342
363.38046264648	2685.2981690638
363.50543212891	2764.6240986625
363.63037109375	2844.0698519890
363.75534057617	2923.6627021624
363.88031005859	3024.5713125979
364.00524902344	3143.2433097941
364.13021850586	3261.9482458038
364.25518798828	3391.1016286084
364.38012695312	3538.0582766076
364.50509643555	3685.6964893887
364.63006591797	3827.2478691937
364.75500488281	3947.3905597312
364.87997436523	4073.4288410221
365.00494384766	4192.0219066512
365.12988281250	4005.3723413385
365.25485229492	3824.3308959971
365.37982177734	3649.7846031182
365.50476074219	3450.9430374564
365.62973022461	3248.7086553958
365.75469970703	3047.5569543166
365.87963867188	2866.0470543679
366.00460815430	2692.4546546957
366.12957763672	2518.9084958328
366.25451660156	2365.9437659077
366.37948608398	2230.7726722359
366.50442504883	2095.6412032261
366.62939453125	1960.4851860230
366.75436401367	1830.4405152650
366.87930297852	1733.1718627673
367.00427246094	1635.8907496712
367.12924194336	1538.6231066457
367.25418090820	1441.3953326675
367.37915039062	1344.1636089682
367.50411987305	1247.7540121923
367.62905883789	1174.7748972999
367.75402832031	1101.7785680045
367.87899780273	1028.7825984226
368.00393676758	955.80506948165
368.12890625000	882.81042627525
368.25387573242	809.81671864268
368.37881469727	747.31407398596
368.50378417969	685.58316743012
368.62875366211	623.86840777338
368.75369262695	562.19013708736
368.87866210938	503.15633884722
369.00363159180	446.52488797381
369.12857055664	390.03274978765
369.25354003906	334.71152544273
369.37847900391	281.51908852373
369.50344848633	228.97277787231
369.62841796875	178.01353100275
369.75335693359	131.39199852337
369.87832641602	92.406822444261
370.00329589844	74.328960807308
370.12823486328	91.883265379796
370.25320434570	130.61438226306
370.37817382812	177.13702354448
370.50311279297	228.09328792508
370.62808227539	280.57459196138
370.75305175781	333.72520221590
370.87799072266	389.11588977727
371.00296020508	445.55951848362
371.12792968750	502.13126577457
371.25286865234	561.33940615219
371.37783813477	622.95035009339
371.50280761719	684.58380268985
371.62774658203	746.21915047395
371.75271606445	809.23249572644
371.87768554688	882.00092926336
372.00262451172	954.75230120651
372.12759399414	1027.5220912960
372.25256347656	1100.2921552811
372.37750244141	1173.0449860567
372.50247192383	1246.2957304374
372.62741088867	1343.3124455564
372.75238037109	1440.3760392944
372.87734985352	1537.4584671646
373.00228881836	1634.5327134118
373.12725830078	1731.6436140973
373.25222778320	1828.7650989117
373.37716674805	1960.5709976152
373.50213623047	2095.5218445155
373.62710571289	2230.4804483633
373.75204467773	2365.4131572910
373.87701416016	2520.1010892115
374.00198364258	2693.1993715280
374.12692260742	2866.3003140525
374.25189208984	3048.7587549622
374.37686157227	3249.3332762507
374.50180053711	3450.9254447583
374.62677001953	3647.5104854455
374.75173950195	3821.7955618468
374.87667846680	4002.4642067678
375.00164794922	4184.5253233984
375.12661743164	4053.7568597066
375.25155639648	3928.3704734813
375.37652587891	3808.8344053955
375.50146484375	3666.0663479405
375.62643432617	3518.8595179180
375.75140380859	3372.3031116771
375.87634277344	3244.9996716347
376.00131225586	3126.6189018653
376.12628173828	3008.2418225595
376.25122070312	2909.6763641664
376.37619018555	2830.2949502750
376.50115966797	2751.0411835713
376.62609863281	2671.9450269847
376.75106811523	2597.1245518254
376.87603759766	2556.5240824649
377.00097656250	2516.0690422398
377.12594604492	2475.7463407328
377.25091552734	2435.5729250161
377.37585449219	2395.5657998665
377.50082397461	2355.8766156557
377.62579345703	2340.8175370395
377.75073242188	2325.8403463191
377.87570190430	2310.9399838719
378.00067138672	2296.1211953160
378.12561035156	2281.3898959417
378.25057983398	2266.7395355404
378.37554931641	2263.7616219726
378.50048828125	2262.0505797166
378.62545776367	2260.3835796797
378.75039672852	2258.7620996105
378.87536621094	2260.6263573120
379.00033569336	2265.9058419556
379.12527465820	2271.2158252040
379.25024414062	2278.1992102998
379.37521362305	2288.4491926516
379.50015258789	2298.7238308597
379.62512207031	2309.7893471747
379.75009155273	2324.6480114436
379.87503051758	2339.5276684936
380.00000000000	2354.4361613245
